"BMI_9","BMI_10","BMI_11","BMI_12","BMI_13","BMI_14","BMI_15","BMI_16","BMI_17","BMI_18","BMI_19","BMI_20","BMI_21","BMI_22","BMI_23","BMI_24","BMI_25","BMI_26","BMI_27","BMI_28","BMI_29","BMI_30","BMI_31","BMI_32","BMI_33","BMI_34","BMI_35","BMI_36","BMI_37","BMI_38","BMI_39","BMI_40","BMI_41","BMI_42","BMI_43","BMI_44","BMI_45","BMI_46","BMI_47","BMI_48","BMI_49","BMI_50","BMI_51","BMI_52","BMI_53","BMI_54","BMI_55","BMI_56","BMI_57","BMI_58","BMI_59","BMI_60","BMI_61","BMI_62","BMI_63","BMI_64","BMI_65","BMI_66","BMI_67","BMI_68","BMI_69","BMI_70","BMI_71","BMI_72","BMI_73"
"Age_2",2.17677922080007e-05,0.000610424216865416,0.00445482720228402,0.0210272133878651,0.0642919327160227,0.131681389544615,0.18808304209167,0.192561549684728,0.146303659899619,0.0926495969494252,0.0605174180145791,0.0432767991166036,0.0285148787759304,0.0152410302414632,0.00641070603519454,0.00235404344073672,0.00112391829788014,0.000614538501116822,0.000221849649378773,3.94144418146408e-05,0,0,0,0,0,0,0,0,0,0,0,0,0,0,0,0,0,0,0,0,0,0,0,0,0,0,0,0,0,0,0,0,0,0,0,0,0,0,0,0,0,0,0,0,0
"Age_3",1.9138268849166e-05,0.000414833764934782,0.00346891180146219,0.0184476721590752,0.0617810318138658,0.134492026977392,0.196893854084988,0.199726499020957,0.146494437488595,0.0870680193077527,0.0531695383308518,0.0379772046333719,0.0259578430111041,0.0138159667988544,0.00552945212410477,0.00236204326914733,0.00234593698883158,0.00350570936429388,0.00371115068330505,0.00212637409663648,0.00060688115358397,8.54748580426937e-05,0,0,0,0,0,0,0,0,0,0,0,0,0,0,0,0,0,0,0,0,0,0,0,0,0,0,0,0,0,0,0,0,0,0,0,0,0,0,0,0,0,0,0
"Age_4",2.93229991930806e-05,0.00107193523060112,0.00625586689653956,0.0247272332835675,0.0668362943552078,0.126336537134341,0.171733947370392,0.173348471369254,0.13601301042117,0.0907020857910174,0.0597156098714655,0.0424798721506036,0.029817273194757,0.0190872586117681,0.0123801932575436,0.00934303644850672,0.00767217279069999,0.00617483939335078,0.00498447718970624,0.00428080167526947,0.00353779337903255,0.00224790267078777,0.000941810149620146,0.000244419539038092,3.78348265663401e-05,0,0,0,0,0,0,0,0,0,0,0,0,0,0,0,0,0,0,0,0,0,0,0,0,0,0,0,0,0,0,0,0,0,0,0,0,0,0,0,0
"Age_5",0.000173154595688678,0.00129451007416204,0.00671722851721446,0.0242885176363747,0.0620246954794309,0.114328775570663,0.156127843703119,0.162542586743331,0.133937148048426,0.09344918655454,0.0617798218065305,0.0429170265098635,0.0315268407515822,0.024131985116477,0.0198635329521527,0.0170194384320918,0.0135995274726327,0.00942430566237713,0.00604471754808895,0.00455253228762783,0.00438069579759117,0.00418278154062659,0.00318250012269579,0.00172985802165174,0.000631098495866679,0.000149690559194038,0,0,0,0,0,0,0,0,0,0,0,0,0,0,0,0,0,0,0,0,0,0,0,0,0,0,0,0,0,0,0,0,0,0,0,0,0,0,0
"Age_6",0.00158497565761779,0.00543050810022777,0.0150745402085118,0.0339845185789972,0.062540427617139,0.094697590499072,0.119368739131652,0.127323430328213,0.117491137512256,0.0965969264644684,0.0734654945801291,0.0540489339715695,0.0403521415035208,0.0317947801630985,0.0266688674654121,0.0230496455683995,0.0195907599230102,0.0159491356585002,0.0124548543876433,0.00945658488989054,0.00703082636052071,0.00505609039779548,0.00339206749631826,0.00201557199030363,0.00100893690226873,0.00040960069794815,0.000130198676392092,3.27152691249238e-05,0,0,0,0,0,0,0,0,0,0,0,0,0,0,0,0,0,0,0,0,0,0,0,0,0,0,0,0,0,0,0,0,0,0,0,0,0
"Age_7",0.00528325123345503,0.011611377945634,0.0224035666164925,0.038104164771659,0.0573200862207826,0.0766974162081595,0.0918948857174143,0.0994268600892219,0.0981782148122769,0.0897213439912583,0.0772483621766189,0.0640578165683296,0.0524039975857888,0.0431024739240558,0.035853414482404,0.0298941288465925,0.0246025103117251,0.0197637548358203,0.0154756329027077,0.0118898197010644,0.00902242687554549,0.00674493485174149,0.00490009572346508,0.00340487722802603,0.00226655523983124,0.00151952462406802,0.00114628984663667,0.00105009438469245,0.00107854564638706,0.00108414901922129,0.000982794464280088,0.000777557871194344,0.000530540696278432,0.000310505607505513,0.00015603188204774,6.72002389841258e-05,2.47968586338086e-05,0,0,0,0,0,0,0,0,0,0,0,0,0,0,0,0,0,0,0,0,0,0,0,0,0,0,0,0
"Age_8",0.00889957478385738,0.0146114376309478,0.022431778050802,0.032203315088082,0.0432342005049468,0.0543120233190054,0.0639586047691386,0.0708535599390553,0.0742309647831759,0.0740483141949145,0.0708913974627469,0.0656947514257918,0.0594426741796097,0.0529418865317929,0.0466898812250229,0.0408637880781894,0.0354254198167846,0.0302918759682855,0.0254647989189796,0.0210539329687317,0.0172109010114945,0.0140406349183079,0.0115513603557055,0.00965272915974239,0.00819097789578257,0.00700025719910201,0.00594809828653471,0.00495962172683647,0.00401506579052605,0.00313092147828569,0.0023377656615065,0.00166333416870496,0.00112322428170059,0.00071715161790611,0.000432170242636554,0.000244747812660927,0.000129876913935938,6.4400376725668e-05,2.97774936757375e-05,1.28039683681395e-05,0,0,0,0,0,0,0,0,0,0,0,0,0,0,0,0,0,0,0,0,0,0,0,0,0
"Age_9",0.00761256978207517,0.0124078055035593,0.0189201025683965,0.0270335895185552,0.0362651252745706,0.0457890904584475,0.0545929915288173,0.061715581258727,0.0664782113888787,0.0686192663605033,0.0682976471416534,0.0659598698977255,0.0621603594733429,0.0574035090665198,0.0520706277850419,0.0464258400316149,0.0406704010001907,0.0349966331020199,0.0296109291705741,0.0247156478633365,0.0204695462076116,0.0169447988274934,0.0141188462391453,0.0118927213909182,0.0101275401327804,0.0086841342801856,0.00744952156880482,0.00634936276423949,0.00534383232238457,0.00441614482394429,0.00356257165788463,0.0027869878432027,0.00209837689944935,0.00150861982872893,0.0010278947318342,0.000659356343800972,0.000396059807124694,0.000221831468948416,0.000115448572966749,5.57143581860048e-05,2.48917558156437e-05,0,0,0,0,0,0,0,0,0,0,0,0,0,0,0,0,0,0,0,0,0,0,0,0
"Age_10",0.00453812274466539,0.00788282307808203,0.0127430267665723,0.0192280698705996,0.0271615556782495,0.0360480685988782,0.0451311148257189,0.0535423437989555,0.0604920088230196,0.0654235420192425,0.0680896792769638,0.0684875863779593,0.0668262557892276,0.0633913527338631,0.0585333043851171,0.0526571024535064,0.0462220181341623,0.0397130882630374,0.0335702401501829,0.0281181042646805,0.0235066176090239,0.0197267210948894,0.0166558552000864,0.014126945372827,0.0119929071525334,0.0101542617433574,0.00856131567544472,0.00719663841954294,0.00604907227507427,0.00509601085044104,0.00430065336563526,0.00361567852181274,0.00300028331092416,0.00242876261680662,0.00189554379802123,0.00141106243161595,0.000992694191483061,0.00065466579775086,0.000402413951444528,0.000229113527669737,0.000120364217961915,5.75007618509725e-05,2.55100811185177e-05,0,0,0,0,0,0,0,0,0,0,0,0,0,0,0,0,0,0,0,0,0,0
"Age_11",0.00308670844622309,0.00556206353711481,0.0093701939935775,0.0147835078801678,0.0218734332285152,0.0304101888283749,0.0398288319332818,0.0492940609038894,0.0578685640277625,0.0647066853170833,0.0692175541939896,0.0711123651895571,0.0704180258115348,0.0673946445056721,0.0624832510205449,0.0562510656575359,0.0493208095708336,0.0423050598609665,0.0357163014510013,0.0299071342574305,0.0250262177017485,0.0210464244956917,0.0178141670353095,0.0151306146496627,0.0128240622846635,0.0107908607087247,0.00899457524010252,0.00744399109714958,0.0061476537554347,0.00509408410089766,0.00424184345110411,0.00353362393989269,0.00291579437941699,0.00235379533039927,0.00183639928773489,0.00137100562129565,0.000971882605394836,0.00065070205441685,0.000410107899424237,0.000242690762636622,0.000134629016738562,6.98939396954193e-05,3.37919008169067e-05,6.00753051186482e-06,2.9536242537831e-06,1.28405825747669e-06,4.93913568336556e-07,0,0,0,0,0,0,0,0,0,0,0,0,0,0,0,0,0,0
"Age_12",0.00228477408520229,0.004095055138121,0.00693482262889351,0.0111132640143458,0.0168632672806229,0.0242324036614706,0.0329910941390035,0.0425559821656371,0.0520572547067837,0.0604677667026227,0.0668293669714414,0.0704294960243488,0.0710045083807052,0.0687158277368667,0.064113504549822,0.0579738962429551,0.0511174832665114,0.0442554875498919,0.037890160439837,0.0323029389045352,0.027574048771074,0.0236559369832351,0.0204272936878437,0.0177423719138989,0.0154699626852148,0.0135051379787451,0.0117706251142393,0.0102101030303261,0.00878054493021222,0.00745200379633282,0.00621152466404402,0.00506119889324875,0.00401528803167825,0.00309008282374908,0.00229790996503134,0.00164415348132894,0.00112638663406997,0.00073511628757566,0.000455532064097872,0.000267098538239071,0.00014809960777893,7.77029245055297e-05,3.85348355974511e-05,7.57261311477976e-06,4.12819760760066e-06,2.02980362688068e-06,8.98859688679787e-07,3.58294277544909e-07,0,0,0,0,0,0,0,0,0,0,0,0,0,0,0,0,0
"Age_13",0.00218974087764335,0.00381530201096255,0.00632776517590214,0.00998135196396555,0.014970259613155,0.0213483132869763,0.028951245332846,0.0373535526062963,0.0458846587458513,0.0537293460379345,0.0600661787367482,0.0642497562574931,0.0659491574675276,0.0651764033573032,0.0622811187782096,0.0578241764898119,0.0524432855577398,0.0467284696974347,0.0411406787727509,0.035981497149371,0.0313979470154827,0.0274210161006083,0.0240021413158052,0.0210523514235511,0.01847983110917,0.0162068874792928,0.0141753362610403,0.0123433528655506,0.0106774206828479,0.00915301868355682,0.00775544142701041,0.00648115499840283,0.00533835352717175,0.00433915398066332,0.00348964117106623,0.00278399256623891,0.0022042882636569,0.0017268188930796,0.00132925430157304,0.000995736368301301,0.000718676658123638,0.000495837308205555,0.00032532826691098,0.000203332305509868,0.000123251589809174,7.61629284332314e-05,5.25444094826335e-05,4.34218702168382e-05,3.50182273626167e-05,3.82197016472313e-05,3.76375814985454e-05,3.33725596260341e-05,2.66516056625488e-05,1.91643126634783e-05,1.24036125066972e-05,7.23010915101314e-06,3.79558686187376e-06,1.79302906870888e-06,7.61987266652135e-07,0,0,0,0,0,0
"Age_14",0.00202074207513791,0.00345286722494935,0.00565682554005496,0.00886994922949386,0.0132897065411628,0.0190053423368352,0.0259229093777298,0.0337112483242397,0.0418033665893929,0.0494741358440348,0.0559531207391211,0.0605947779382839,0.0630198902046429,0.0631642745008266,0.0612713396506046,0.0578073946051777,0.0533219545758421,0.0483343451207991,0.0432560754071281,0.0383663035619839,0.0338230070102015,0.0296965317747834,0.0260033081224528,0.0227251719843095,0.0198320209466877,0.0172918160093053,0.0150745266823674,0.0131503207314036,0.0114896652848292,0.0100624115447909,0.00883367369656002,0.00776528479046153,0.00681701414280282,0.00595048048813439,0.00513456932979851,0.00435010742470464,0.00359338334957969,0.00287521382677529,0.00221597484325592,0.00163722533133924,0.00115527918362762,0.000776928141164392,0.000497696950884054,0.000304832139206903,0.000180988928732017,0.000108169689451762,6.99650368060769e-05,5.28115504822146e-05,4.64539599919509e-05,3.92976984155308e-05,3.87013067241034e-05,3.44659368127419e-05,2.77306685746358e-05,2.01597575462918e-05,1.32380375257996e-05,7.85798341476304e-06,4.21382180641365e-06,2.03960583618255e-06,8.92901012006204e-07,0,0,0,0,0,0
"Age_15",0.00164473039302359,0.00289728328130286,0.00485794320144204,0.00775275253532968,0.0117704504754314,0.017009624881318,0.0234061951960978,0.0306866703873963,0.0383622475236471,0.0457853675160649,0.0522482001570042,0.0571234904601146,0.0599985782657933,0.060746579670341,0.0595319790578374,0.0567649437146058,0.0529635459225643,0.0486325656713233,0.044169234405304,0.0398229825799115,0.0357046159078642,0.0318361513340249,0.0282056047936174,0.0248114052173928,0.0216757140496269,0.0188419512210817,0.0163534547812676,0.0142320285886606,0.0124653802087541,0.0110105655186747,0.00980600557842833,0.00878320185676779,0.00788127392641693,0.00705369169678551,0.00626992805967606,0.00551435518729343,0.00478314291650745,0.00408053025244339,0.00341529940679881,0.00279756922719985,0.00223645193101896,0.00173940312722214,0.00131176028922955,0.000956543505790839,0.000673323097584206,0.000458266516372612,0.000304055140286926,0.000199925870375123,0.000133472911140613,9.24382423524435e-05,6.67063408609844e-05,3.98934526904633e-05,3.17212056384932e-05,2.32992508572862e-05,1.57043713089737e-05,9.68196559349514e-06,5.4516221748875e-06,2.7972496285643e-06,1.31057056106328e-06,5.58314176873653e-07,0,0,0,0,0
"Age_16",0.00281647243046278,0.00442624240632033,0.00669530561768398,0.00975141606363362,0.0136669919147778,0.0184328432040861,0.02392599545472,0.0299012216708952,0.0359959031018013,0.0417777327237992,0.0468087389672335,0.05071437252654,0.0532484701766971,0.054327946712993,0.0540345110055976,0.052577252825841,0.05023308204538,0.0472877982707757,0.0439891730758052,0.0405250775750166,0.037017868226035,0.0335445535764414,0.0301575062251933,0.0269014234735991,0.0238232886557396,0.0209701400122681,0.0183869087410975,0.0161033418598334,0.0141344886037925,0.0124698864958062,0.0110839112826121,0.00993330281841953,0.00896870955039372,0.00813505444753609,0.00738383486803326,0.00667508999549469,0.00598171317146417,0.00528993652605758,0.0045986252527476,0.0039163668228224,0.0032579630384715,0.00264054930861725,0.00208069695270144,0.00159116427063363,0.0011797340941118,0.00084824548255675,0.000593117775131727,0.000405424718926555,0.00027299413912282,0.000182811969736099,0.000122750740470275,8.28294834911309e-05,5.5809125800627e-05,2.64959023594196e-05,1.88008316052977e-05,1.24059401696419e-05,7.58510240298322e-06,4.2968390785757e-06,2.24918404541194e-06,1.08947436961138e-06,4.87250750534626e-07,0,0,0,0
"Age_17",0.00245037633340496,0.0039286567147875,0.00604230549793769,0.00891863392631926,0.0126348897625895,0.0171893971947309,0.0224765270292784,0.0282605988566362,0.0342065655389008,0.0399059535586865,0.0449440581305864,0.0489644279682392,0.0517175562280189,0.0531079810801459,0.0531877413995795,0.0521220353320655,0.0501491423737103,0.047524794771885,0.0444852611446793,0.0412198983337255,0.037869919389627,0.0345368193855927,0.0312928178076182,0.0281910752510436,0.0252713755746037,0.0225591675848001,0.0200691996649044,0.0178065172522664,0.015766848202601,0.0139429364397524,0.0123264620929877,0.0109057143047223,0.00966546153035829,0.00858463828416813,0.00763623860465873,0.00678997695415638,0.00601482248347315,0.00528566397849249,0.0045863420718523,0.00391072773081677,0.00326290440493281,0.00265431991877873,0.00209898329929989,0.00161013176167048,0.00119721789466971,0.000863310344140888,0.000605444208003174,0.000415113287570541,0.000280659605467652,0.000189205120234534,0.000128309023208143,8.79301165101178e-05,6.07434523040497e-05,3.21804658907547e-05,2.36941118003322e-05,1.6426664693436e-05,1.06891808309719e-05,6.51960073747563e-06,3.71765799832951e-06,1.98509289604996e-06,9.89023959043455e-07,0,0,0,0
"Age_18",0.0029160202295483,0.00436223694593645,0.00631237951366319,0.00883942263603611,0.0119798715879788,0.0157240651580911,0.0199959964107324,0.0246512085047892,0.0294830371262468,0.034239058520868,0.0386480988742304,0.0424544143978211,0.0454470456732062,0.047486172790262,0.0485152072468405,0.0485595792954871,0.047715899808852,0.0461307699106823,0.0439769183947593,0.0414330184855364,0.0386654069411419,0.0358166743709845,0.0329982547233803,0.0302890465155581,0.0277364479793952,0.0253604613238892,0.0231604112826357,0.0211240479256731,0.0192337546748471,0.0174725940121512,0.0158284239158252,0.0142938330716871,0.0128645256932564,0.011535766445564,0.0103001360272716,0.00914826698425147,0.00806920208831756,0.00705259708574125,0.00609145696244093,0.00518437492372837,0.0043356320843839,0.00355375315905422,0.0028484361509455,0.00222873169390235,0.00170075512891897,0.00126603045117078,0.000919951279593622,0.000653867145615395,0.000456305496429531,0.000314304352893482,0.000214841578170357,0.000146351379990801,9.96348783217942e-05,6.77503104603334e-05,3.15261600924369e-05,2.32241156071076e-05,1.63255716174468e-05,1.0928984829815e-05,6.9556773208477e-06,4.19955367574253e-06,2.40909133047538e-06,1.30704680670605e-06,6.74249560313098e-07,0,0
"Age_19",0.00286370907410463,0.00415546441491134,0.00585528443913852,0.00802557257937263,0.0106906341168591,0.0138517130397124,0.0174694720230125,0.0214494425312833,0.0256587794106709,0.0299229970718005,0.0340439700154382,0.0378171782603856,0.0410519590320076,0.0435940794448111,0.0453353474296596,0.0462314380535957,0.0462910224088354,0.0455826067597718,0.0442197168595481,0.0423333172305719,0.0400758515752616,0.0375910697546824,0.0350014769807398,0.032408977984772,0.0298824159624728,0.027464941782993,0.0251746659774966,0.0230156428174024,0.0209848646494584,0.0190739503054676,0.0172781814267882,0.0155936594279168,0.0140160695319926,0.0125417227235142,0.0111646213301344,0.00987663255622357,0.00867146485835708,0.00754337596648882,0.00649150809218964,0.00551958302649492,0.00463442852902882,0.00384650936695212,0.00316495718011109,0.0025964498266355,0.00214422326143724,0.00180334088833887,0.00156430898899052,0.00141134102527418,0.00132368908798992,0.00127956056714734,0.001256622711906,0.00123554547372888,0.00120137960258358,0.00114504279280559,0.00106357711656757,0.00095880649494774,0.000837137336970932,0.00070681921481028,0.000576602034693599,0.000454201601255103,0.000345362325785825,0.000253496008658507,0.000179499543772681,0.000122121341281795,8.05967519890469e-05
"Age_20",0.00396708850835591,0.00536459174066864,0.00710169786059842,0.00920149343248408,0.0116762279291116,0.0145082842435726,0.0176528416285663,0.0210397747434591,0.0245634584176111,0.0280982216055942,0.0314994092355884,0.0346230461685687,0.037336533436137,0.0395170992104082,0.0410971738910437,0.042039556041208,0.0423395174075991,0.0420510364295495,0.0412452413935858,0.0400100269203385,0.0384515422258952,0.036664781167372,0.0347351286705429,0.0327348307842126,0.0307159701135916,0.0287153907872617,0.0267561726467396,0.0248512772870927,0.0230070021428106,0.021225345135099,0.0195063224625401,0.0178484088705315,0.0162492562200468,0.0147067214725653,0.0132193626167358,0.0117876376049744,0.0104150839725816,0.00910844453949481,0.00787795255586707,0.00673603616682802,0.00569506750712016,0.00476694617895733,0.00396002023488765,0.00327703611292785,0.00271709678431333,0.0022734672376835,0.00193341328279242,0.00168248783061868,0.00150328317175392,0.00137658377793805,0.00128521536918833,0.00121317568732033,0.00114750197661112,0.00107888003509793,0.00100170891074916,0.000914143963852095,0.000816960925344202,0.000713350632081018,0.000607047497645139,0.000503999170013128,0.000407398660751786,0.000320394625385907,0.000245201698016741,0.000182532845806178,0.000132098196312248
"Age_21",0.00373624563144688,0.00504241606804885,0.00665894230445146,0.00860788903789814,0.0108958366550291,0.0135121746130748,0.0164202456566291,0.0195623026048121,0.022856484076724,0.0261989748746944,0.0294733210636311,0.0325550750872766,0.0353283448354551,0.0376802559681411,0.0395312364866946,0.0408302809454848,0.0415444423271693,0.041694554743018,0.0413176271552436,0.0404702013357466,0.0392333928728996,0.0376839039354397,0.0359004804926935,0.0339555731690143,0.031908967386761,0.0298111109012816,0.0277023952728622,0.0256154841822769,0.0235767148513908,0.0216080523000906,0.0197277260625837,0.0179495742044843,0.0162821674807257,0.0147298143011714,0.0132910806820227,0.0119587040709089,0.0107245801313023,0.0095774269708095,0.00850738941811087,0.00750912503686993,0.0065786923368367,0.00571767579130143,0.00493183188295327,0.00422588244595099,0.00360647370198767,0.00307752808262931,0.00263743587731533,0.00228251322794101,0.00200290320668733,0.00178526759499943,0.00161510912126825,0.00147696519569695,0.00135699435112712,0.00124416999921276,0.00113105015426393,0.00101389644689724,0.000892347687222502,0.000768593449180451,0.000646331789981064,0.000529772255208082,0.000422764772559829,0.000327330164076276,0.000247222957157018,0.000181411801061188,0.00012932051211538
"Age_22",0.00497304510627677,0.00631907484999622,0.00789651147833727,0.00970580498307412,0.0117397091566967,0.0139749877120108,0.0163756905748688,0.0188948942423606,0.0214733969344963,0.0240436716834439,0.0265339398044,0.0288711092367573,0.0309878359292519,0.0328258475718954,0.0343367893524012,0.0354900203894972,0.0362729551884888,0.0366846969658846,0.0367409560176233,0.0364724979795572,0.0359130935857295,0.0351024605855225,0.0340846219164619,0.032898575839797,0.0315796705110747,0.030160977895819,0.0286693138386452,0.0271267482999796,0.0255531818123317,0.0239649091591713,0.0223761941260996,0.0208001836212238,0.0192481858807818,0.0177307816662822,0.0162570416868388,0.0148344166928248,0.0134698196056516,0.0121690063912116,0.0109363228824122,0.0097760129822117,0.0086922770290718,0.00768799455362938,0.00676565627360528,0.00592770862348195,0.00517463896591355,0.00450506156103964,0.00391697660933463,0.0034060472231353,0.00296535719018974,0.00258779483653161,0.00226501186477561,0.00198774739261753,0.00174764982486242,0.00153716924904914,0.00134961568918807,0.00117999998512419,0.00102493256367767,0.000878091756589139,0.000748341641649545,0.00062916780892166,0.000521038310486868,0.000424385011272402,0.000339663724608253,0.000266941076500188,0.000205777097355578
"Age_23",0.00422031110678721,0.00538917458366601,0.00677543249348556,0.00839102154890628,0.0102342477699062,0.0122955473394694,0.0145547389136006,0.0169754190186386,0.0195111899868113,0.0221044259765536,0.0246884576814355,0.0271926056322096,0.0295444547187728,0.0316779511895455,0.0335339732893445,0.0350646928014038,0.0362404830103414,0.0370440909637212,0.0374739103329056,0.0375449053604063,0.0372791108540016,0.0367074501210499,0.0358669165390946,0.0347930188758688,0.0335221841361186,0.0320896783020829,0.0305265636670549,0.0288628253899979,0.0271266863936504,0.0253440668439989,0.0235403953705347,0.0217395636641859,0.019963956546157,0.018233956562652,0.0165667452010312,0.01497728869432,0.0134765393277757,0.0120715653403728,0.0107677804798909,0.00956689171985488,0.00846817067326137,0.00747085731601587,0.00657189382998736,0.00576717494289475,0.00505307777984108,0.00442424080753663,0.00387434750320027,0.00339714923996824,0.00298501577503187,0.00262947116610227,0.00232247318633751,0.00205569462322606,0.00182113079826871,0.00161218516464303,0.00142325195483401,0.00125000093104697,0.00108973941135845,0.000940945942804797,0.000797291912633124,0.000672466715521859,0.000558578262890784,0.000456312582813824,0.000366291869381444,0.00028873637427336,0.000223283488521928
"Age_24",0.00514751358768052,0.00638772595862643,0.0078171051854488,0.00943530419537945,0.0112339823655617,0.0131978961292138,0.0153008909787018,0.0175085683664407,0.0197808741227898,0.0220688146971582,0.0243210687294736,0.0264846209811508,0.0285052322809141,0.0303369859090881,0.031936528447513,0.0332696993979371,0.0343133177920353,0.0350522097359927,0.035481760735127,0.035608561625067,0.035446807226503,0.0350098768632352,0.0343271631284001,0.0334249259077404,0.032331161956043,0.0310743553951164,0.0296856972384457,0.0281923989784245,0.026622619150716,0.0250034451759332,0.0233592104054939,0.0217136709533562,0.0200880005921638,0.018500631346304,0.0169689181832321,0.0155046501035117,0.0141179725461383,0.0128158901057128,0.0116022873296611,0.0104778384209835,0.00944231221457296,0.00849267087864582,0.00762428069409481,0.00683395268780251,0.00611552441954576,0.00546362675083898,0.0048730819361734,0.00433952821055781,0.00385702215399882,0.00342119033370314,0.00302760951891062,0.00267188080061605,0.00235025994334668,0.00205931439048886,0.0017959071567456,0.0015573323515745,0.00134196443749294,0.00114765633791392,0.000973098887539861,0.000817248839984408,0.000679315292852778,0.000558161558361359,0.000453062411400731,0.000363049265800372,0.000284766298622253
"Age_25",0.00355481990907241,0.0045914205226187,0.0058284025064361,0.0072697770200115,0.00891841269691243,0.0107632872433833,0.0127847277966188,0.0149555657399696,0.0172385937474414,0.0195907772544189,0.0219640414154686,0.0243079144133797,0.0265711929046938,0.0287060046389045,0.0306676314557623,0.0324160028195597,0.033917862948744,0.035144559512364,0.0360722964848484,0.0366881289050372,0.036973639350835,0.0369282765370231,0.036552031147665,0.0358517764908318,0.0348459836329544,0.0335608973499147,0.0320323065932352,0.0303082976117552,0.028437402148596,0.0264799007569094,0.024492122652731,0.02252821352982,0.0206349688159867,0.0188491634967526,0.017195613932332,0.0156848280904248,0.0143206260445365,0.0130901975161763,0.0119789509289852,0.0109675609436033,0.0100360410206645,0.00916738734909204,0.00834835012338694,0.00757035804034455,0.00683055718297611,0.00612826156858838,0.00546640113224493,0.00484852332780082,0.00427750632015602,0.00375528182174138,0.00328184117511518,0.00285516015980487,0.00247283557488409,0.00213008150199602,0.00182318727052607,0.00154835924641294,0.00130237773688627,0.00108309350967681,0.00088882735119221,0.000718431045811952,0.000571273790811799,0.000445926868613779,0.000341455701107549,0.000256191292618577,0.000188112380832528
"Age_26",0.00445386530353699,0.00554975548138914,0.0068178212254554,0.0082606466724183,0.00987532731859871,0.0116494981929819,0.0135656939431671,0.0156007393861005,0.017722283388374,0.0198948624675507,0.0220784074804021,0.0242300780559635,0.0263061368663454,0.0282632284986188,0.0300592414209241,0.0316568979517386,0.0330225379415513,0.03412477663218,0.0349451915903177,0.0354670865390724,0.0356808673289308,0.0355900617671197,0.0352011766949794,0.0345309232429766,0.0336037855597869,0.0324509316597967,0.0311091685623108,0.0296182976732422,0.0280223578288528,0.0263634176921374,0.0246817398882952,0.0230133746077796,0.0213881314852153,0.0198284473013074,0.0183488054948087,0.016956617613497,0.0156516327653197,0.0144288804355012,0.0132793158440593,0.0121920917954193,0.01115653676558,0.0101629241803615,0.00920482191157308,0.00827854409600878,0.00738364074040619,0.0065234012985209,0.00570251953747335,0.00492739745397335,0.0042050735172437,0.0035416528280195,0.00294211915638482,0.00240914215991886,0.00194412979564414,0.0015454365180456,0.00120946981511512,0.000932348086206876,0.000707440975879849,0.000528181317724985,0.00038827227148115,0.00028087298244038,0.00019989512738555,0.000139974843427226,9.64815533930357e-05,6.32748269293901e-05,4.23466428397246e-05
"Age_27",0.00392896461228114,0.00495090762331041,0.00614673468014987,0.00752187674620655,0.00907504937348492,0.0107989225042451,0.0126768896880544,0.0146885089994221,0.0168030524830667,0.0189855247233571,0.0211958070681053,0.0233903724410235,0.0255240614622857,0.0275522372716197,0.0294307277686449,0.0311188149169463,0.0325817555670373,0.0337910185917451,0.0347183977448983,0.0353518453665654,0.0356826087241354,0.0357096151533075,0.0354375450117741,0.0348853769624313,0.0340734735458863,0.0330290823351098,0.0317863298050501,0.0303830485334931,0.0288583939993247,0.0272516014828326,0.0256018215039515,0.0239435935999023,0.0223069369832911,0.0207158705877799,0.019187073589595,0.0177312780415614,0.0163520495638384,0.0150480274375528,0.0138140254665122,0.0126428371783622,0.011526278213406,0.0104569315327789,0.00943023772121417,0.00844327810585007,0.00749629710679608,0.00659182660282288,0.00573567116812393,0.00493277977160011,0.00418926471860543,0.00351100026971857,0.00290215092577137,0.00236410000417291,0.00189706670986472,0.00149948727462207,0.00116675470388565,0.000893502910101984,0.000673193364405361,0.000499323223140729,0.000364176472006761,0.000261312613033142,0.000184403110679177,0.000128028641352537,8.7376936491593e-05,5.62049623460139e-05,3.72937990684278e-05
"Age_28",0.00349479926348877,0.0044918404885318,0.00567735508794099,0.00705823003500667,0.00863442318070297,0.010397116827535,0.0123285741975053,0.0144025877569566,0.0165848894278561,0.0188349773538244,0.0211075162112419,0.0233561011644626,0.0255340927302184,0.0275961752907395,0.0295032966974379,0.03122091023653,0.0327197542322857,0.033975683149865,0.0349720274634607,0.0356965623448611,0.036141699852686,0.0363055950746718,0.0361898973833238,0.0358013879614651,0.0351508128728495,0.0342558834231164,0.0331382816780995,0.0318236448197943,0.0303399976233069,0.0287219469582366,0.0270045580974733,0.0252227016642925,0.0234102946488216,0.0215992048972645,0.01981735628126,0.0180880737980652,0.0164293769008829,0.0148540745016996,0.0133699814692452,0.0119807688086102,0.0106864657588204,0.00948438342409331,0.00837098053933181,0.00734286577728044,0.00639636898534536,0.00552768466625485,0.00473448892286993,0.0040153198969914,0.00336879835188758,0.0027933431425541,0.00228714165026327,0.00184787637546015,0.00147201429867673,0.00115546953850224,0.000893296647701904,0.000679976408569559,0.000509257158998053,0.00037508722264923,0.000271635596447067,0.000193586189393144,0.000135600304872059,9.33258138362483e-05,6.31388720413532e-05,4.19924686195788e-05,2.74501329235778e-05
"Age_29",0.00355530309071558,0.00464507890832972,0.00595601924244023,0.00750101534451227,0.00927573991585692,0.011274331490274,0.0134684780063629,0.0158242361266216,0.018294177121129,0.0208234480256497,0.0233513985023573,0.0258141778173147,0.0281530755863325,0.0303103805457165,0.0322391085404408,0.0338988525969772,0.0352625052306309,0.0363045057627802,0.0370204934860049,0.0373999892408021,0.0374519016776896,0.0371836959413458,0.036612359979149,0.0357560194769494,0.034645096424311,0.0333034020517553,0.0317711716077855,0.0300827476006767,0.0282779041420859,0.0263957489185787,0.0244749828021903,0.0225515806822605,0.0206577424419184,0.0188222979434866,0.0170673757374073,0.015411003284188,0.0138647596696813,0.0124372695865266,0.0111289567797794,0.00994163975925766,0.0088687027658629,0.00790498187332529,0.00704228355387367,0.0062721277780348,0.00558430261081644,0.00497103298095723,0.00442175453743949,0.00392868734840638,0.00348356337819486,0.00307963183153767,0.00271096230911121,0.00237322688405572,0.00206253065458891,0.00177704894011907,0.00151529070815446,0.00127685171931459,0.00106167907781657,0.000869995410067196,0.000701572292851853,0.000556433517196519,0.000433402620944285,0.000331370937523712,0.000248469471286844,0.000182640802907423,0.000131484907340658
"Age_30",0.00446612169603305,0.0056083598561682,0.00693640270801357,0.00844874350131781,0.0101393605568113,0.0119934407622676,0.0139872599537898,0.0160911621343961,0.0182670266720877,0.0204734750495292,0.0226657346228957,0.0247979463916265,0.0268261597884081,0.0287088922769606,0.0304092183860466,0.0318971621490222,0.0331449639636093,0.0341379641005364,0.034857256660272,0.0353019898807136,0.0354672419245188,0.03535831812646,0.0349859372023506,0.0343603754624134,0.0335044657728342,0.0324372857830392,0.0311874390005372,0.029782776851111,0.028254555003175,0.02663477474229,0.0249549096616371,0.0232460367566948,0.0215363429050313,0.0198509818996257,0.0182120390021791,0.0166365564377188,0.0151386304035217,0.0137273073707336,0.0124082140079254,0.0111846920264187,0.0100550403639459,0.00901963602631472,0.00807223358958514,0.00720948091771644,0.00642523190107643,0.00571355605953816,0.00506915817069457,0.00448529490045105,0.00395715641331745,0.00347882448038742,0.00304587242276838,0.00265386451116607,0.00229928434287195,0.00197907549686689,0.00169054426864132,0.00143181284109617,0.00120098631186245,0.000996885543828625,0.000817836718965478,0.000662767902659455,0.000529960307425618,0.000417842036547348,0.000324688318791434,0.000248330366706608,0.000187114336054447
"Age_31",0.0029793869726254,0.00389324712593948,0.00500183499235366,0.0063167827909513,0.00785227144004003,0.00960191543907616,0.0115590928840483,0.0137024504406844,0.0160044437160669,0.0184231421466661,0.0209111583015,0.0234135295710499,0.0258716137122496,0.0282245400255326,0.0304142371768891,0.0323856148865594,0.0340916127936088,0.0354887449503034,0.0365537843231766,0.0372654500888421,0.0376210594725583,0.0376224896650785,0.0372917807642815,0.0366495037632653,0.0357316367556865,0.0345737550054225,0.0332160830139472,0.0316975344659264,0.0300552653631315,0.0283240413270028,0.02653368384976,0.0247112250812531,0.0228793336293927,0.0210580314020176,0.0192650767856334,0.0175160190941565,0.0158264350988721,0.0142089209837299,0.0126761439160409,0.0112380528531444,0.00990461406707305,0.00868135469619328,0.00757209411733484,0.00657784806072675,0.00569624022907346,0.0049233258782019,0.00425071511613928,0.00366984364121567,0.00316948933986753,0.00274017718171737,0.00236940526136471,0.00204778645472711,0.00176609750518458,0.00151777606660873,0.00129657457156722,0.00109887323713593,0.000921894488697284,0.00076424405770305,0.000624860791360514,0.000503116921987156,0.000398428198606876,0.000309959014879043,0.000236769563155919,0.000177346629247295,0.000130238841767236
"Age_32",0.00275373602893524,0.00366049587018362,0.0047770757521497,0.00611989065246102,0.00770253881341125,0.00952354173079214,0.0115727079738851,0.0138262167359778,0.0162474629472079,0.0187881261589261,0.0213893825627518,0.0239865700045149,0.0265117403349549,0.0288979304078341,0.0310858995608971,0.0330163505116272,0.0346542345670777,0.0359661800171305,0.0369384188254324,0.0375648237162072,0.0378571324410028,0.0378275598682467,0.0375029754963377,0.0369094389893631,0.03607675563773,0.035030887324426,0.0337989059874191,0.0324035884157774,0.0308647647568442,0.0292008322116185,0.0274284025664913,0.0255669233930666,0.0236351960675568,0.021657704222527,0.0196605280396124,0.0176730407670214,0.01572717620581,0.0138530040851184,0.0120809547855975,0.0104357157592125,0.00893795193353061,0.00759959475664285,0.00642873689447683,0.00542276830789472,0.00457455937488931,0.00387083920003074,0.00329538687516204,0.00282872790074203,0.00245061676263458,0.00214229848228174,0.00188610335371883,0.00166766568259488,0.00147514791511859,0.00130062907255341,0.00113861613071768,0.000986516554782028,0.000843545763027582,0.000710355315300878,0.000587936451408205,0.000477737912050673,0.000380654411686757,0.000297186544061337,0.000227161588572665,0.000169992140593337,0.000124460482390532
"Age_33",0.00290745692773446,0.00383386811934903,0.00496271767778465,0.00630665699571744,0.00787415405112918,0.00965945317339318,0.0116493966825451,0.013818163341654,0.0161301778647745,0.0185408491260287,0.0209986691813092,0.0234489202712921,0.0258367244794392,0.0281088389395607,0.0302198823600778,0.0321245756949363,0.0337950335526268,0.0352033585708968,0.0363332282508377,0.0371716989803218,0.0377163325054481,0.0379607631921216,0.0379108993236164,0.0375707084651797,0.0369496364043801,0.0360569262297094,0.0349089380568363,0.0335243613803116,0.031925522394309,0.0301400475952025,0.028198240260104,0.0261372746757698,0.0239941379875436,0.0218109703517245,0.0196290234662816,0.017488557794695,0.0154292308913067,0.0134824418279083,0.0116773443689662,0.0100332754310019,0.0085641017021504,0.00727322876227694,0.00616048686269187,0.00521621946713096,0.00442695777702899,0.00377555512206112,0.00324296837364609,0.00280911796778434,0.00245400959274732,0.0021599701384613,0.00191115545286663,0.00169500851740085,0.00150134643341994,0.00132371215449037,0.00115776534650004,0.00100164388373142,0.000855050710208063,0.000718838418008088,0.000594073101282384,0.000482097332462005,0.000383720731700836,0.000299368747204556,0.000228731141851552,0.000171116566418729,0.000125298852650549
"Age_34",0.0026607738234271,0.00355338434501391,0.00465122289325241,0.0059724151733462,0.00752425072007046,0.00930571070694391,0.0113021574234515,0.0134913909152702,0.015833505925556,0.0182859615265799,0.02079527830191,0.023307138226724,0.0257670735860993,0.0281235323799026,0.030331974822151,0.0323497197336882,0.0341473722786135,0.035694116470037,0.0369682213567613,0.0379488202984861,0.0386186359212939,0.0389617871000978,0.0389684399936023,0.0386308410438895,0.0379513202697368,0.0369408071674463,0.0356182647053793,0.0340151788236044,0.0321709914007828,0.0301327107628675,0.0279515915967446,0.0256827199691398,0.023377976214238,0.021087281773153,0.0188546816372172,0.016717055955714,0.0147045183448125,0.0128380596127877,0.011134899415431,0.00959972140971081,0.00823897248179748,0.00704626412559776,0.00601632517242933,0.00513795687126258,0.00439836167601362,0.0037809550025997,0.00327097582571539,0.00284918778066187,0.00249999368190001,0.00220680194536822,0.00195573746287459,0.00173503455435308,0.00153571199518939,0.00135145800024631,0.00117861423117373,0.00101564255091785,0.000862619522812674,0.000720676254837436,0.000591232863390864,0.000475668971044644,0.000374921364005557,0.000289346853903283,0.00021838045746301,0.000161281953268392,0.000116374376239322
"Age_35",0.00082907750274324,0.0012905658202704,0.00194654586785209,0.00284676106641707,0.00403064276808893,0.00553010010842648,0.00735378690504373,0.00948704018652538,0.0118929520885885,0.0145107760677692,0.0172763265164487,0.0201229558050142,0.0230028360185184,0.0258896877512561,0.0287788443992815,0.0316781964300936,0.0345898998526665,0.0374911342621771,0.0403145338174789,0.0429408933380115,0.0452056014264163,0.0469143056101402,0.0478857790937007,0.0479767358074944,0.047122873806268,0.0453502497077826,0.0427755035427462,0.0395868230234932,0.0360000342085857,0.03224068287434,0.0284995866329294,0.0249234658254211,0.0216107023092346,0.0186164427680054,0.0159593444773018,0.0136417808122436,0.0116380933830933,0.00992075468601361,0.00844997153940785,0.00718840468154355,0.00610338715515054,0.00517112762487182,0.00438004515362277,0.00372525607903359,0.00320606157536888,0.00281693210615351,0.00254426954942955,0.00236329738323272,0.00224203976969402,0.00214462405874411,0.00203923189181454,0.00190335499583389,0.00172735380627276,0.00151386015844355,0.00127595662418531,0.00103127356617565,0.000798099371134658,0.000590954547478203,0.000418524543031869,0.000283487781012976,0.000183932713781396,0.000114204755221203,6.81537405401244e-05,3.90674786443946e-05,4.81078229483791e-06
"Age_36",0.000519139891838063,0.000839500000857308,0.0013193647010337,0.00200810565624898,0.00295359269110792,0.00419744377350495,0.0057571485907633,0.00762949056744948,0.00978496573945299,0.0121725424082809,0.0147363270027255,0.0174277426449831,0.0202215063919878,0.0231245008912258,0.0261693236946428,0.029400216467866,0.0328490493570276,0.0365012228991104,0.0402717802426689,0.0439896622465823,0.0474037375650395,0.0502096782091021,0.052101604853632,0.0528449339196772,0.0523146303323617,0.0505407710297949,0.0477025449160298,0.0440753523758824,0.0399799606631698,0.0357066157059993,0.0314775062705994,0.0274331990840465,0.0236520166003627,0.0201784072820942,0.0170419623933573,0.0142717145401076,0.0118802802993961,0.00985799920591528,0.00817141612332815,0.00676114192364969,0.00556514741836942,0.00453127427768444,0.0036257767939387,0.00283549128312454,0.00215981464097091,0.00160129109898161,0.00115954449629851,0.000825582928801409,0.000583768258723041,0.000415231654831921,0.00030054947029413,0.000222956878879333,0.000169647407895116,0.000120845262644032,9.84832594085134e-05,7.89612090848718e-05,6.22043562202074e-05,4.80894607269328e-05,3.64245839011931e-05,2.7010725759702e-05,1.95884747244975e-05,1.38776653576758e-05,9.5958758810503e-06,6.47807936374678e-06,4.26528523085012e-06
"Age_37",0.000639061752126852,0.00100779618038629,0.00153405758984104,0.00225678727465659,0.00320943143369831,0.0044191358047062,0.00589749585432153,0.00764323886404097,0.00963994756189952,0.0118634665406617,0.0142847977398855,0.0168804611080755,0.0196340324917587,0.0225367561712113,0.0255821891683072,0.0287539842519823,0.0320149461342701,0.0352963813327984,0.0384934322108264,0.0414687637003967,0.0440639728647535,0.0461225898824505,0.0475009363916154,0.0481092489124005,0.0479043566537758,0.0469125462141655,0.0451988422739798,0.0428885183611416,0.0401142610810815,0.0370173863860787,0.0337236596963291,0.0303472092318564,0.0269800046250795,0.0236986379670064,0.02056845992092,0.0176405392566891,0.0149556813104952,0.0125390202397717,0.0104025922824396,0.00854069354311324,0.00693816916359077,0.00557245205106764,0.00441878233620735,0.00345290005874121,0.00265365641301704,0.00200336860979944,0.00148513593949367,0.0010834316995842,0.000781870626697671,0.000564460879693357,0.000414328865235601,0.000316093408600022,0.000255403881264166,0.000220349181136467,0.000201044505252734,0.00017670555599367,0.000175775361628666,0.00017145958635659,0.000163385466286446,0.000151748945733562,0.000137143488027924,0.000120462728650521,0.000102803782949028,8.51969928613298e-05,6.85502111368503e-05
"Age_38",0.000394170904729899,0.000644130228522559,0.00103926760982804,0.00163720571290249,0.00250411400445516,0.00369266458578464,0.00523530169462529,0.00712487479350648,0.00930763346862992,0.0116986859495436,0.014196129188553,0.0167221810499627,0.0192509165922406,0.0218250755090712,0.0245494382411599,0.0275507157126489,0.0309366179477335,0.0347280062091879,0.0388302959811755,0.0430187986027031,0.0469626404158419,0.0502736291662852,0.0525943614708946,0.0536522571885058,0.0533297607026712,0.0516855426748668,0.0489146463330318,0.0453237987026093,0.0412311137914691,0.0369249329533195,0.0326187347390843,0.0284540466400632,0.0245196286527009,0.0208824624431061,0.0175977821854839,0.0147116361947042,0.012245086555788,0.0101813627744799,0.00847108893794333,0.00704002703587786,0.00581522466940271,0.00474042414199728,0.0037859909577151,0.00294628020188729,0.0022282801375294,0.00164061086813138,0.00118405334827636,0.000848965758673603,0.000617071564378454,0.000465580867957715,0.000372094715320827,0.000317162707438998,0.000265712772647746,0.000258819959325833,0.000252049013490066,0.000244252872547552,0.000234564111698733,0.000222492311590044,0.000207886259127734,0.000190951172210509,0.000172161995284865,0.000152201677285799,0.000131824701386823,0.000111791599076925,9.27880699269348e-05
"Age_39",0.000326644653075337,0.000522195467159461,0.000833064502884456,0.00131233551550313,0.002021515856525,0.00302209020982994,0.00436293828098558,0.00606523561681759,0.00811873853124166,0.0104837815581744,0.0131042235150177,0.015927262967327,0.0189226061189476,0.0220902256743849,0.0254580385401794,0.0290636460749427,0.0329257535129292,0.0370092035168027,0.041192422826318,0.0452510594921318,0.0488684473842357,0.0516803346503836,0.0533511544697579,0.0536581507521039,0.0525554469674818,0.0501898653657953,0.0468693396513488,0.0429680755328832,0.0388322779635294,0.0347088308912277,0.0307265245111377,0.0269277797289851,0.023324711755533,0.019946175177734,0.0168551347035601,0.0141281042615576,0.01182204027725,0.00994645408070754,0.00845851119360761,0.00727798007602829,0.00631532936760531,0.00549430562395844,0.00476310668575956,0.00409385383648539,0.00347455192732971,0.00290247545863249,0.00237957656604493,0.00191092387444329,0.00150286615130916,0.00116111568628443,0.000888175902141881,0.000681436010751842,0.000532983681700401,0.000431298144589109,0.000363599700421195,0.000317997354849726,0.000269540184167842,0.00025187654767748,0.000232041006381874,0.000210483609574318,0.000187819740825358,0.00016473605822326,0.000141927649556049,0.000120034405464819,9.96229997966047e-05
"Age_40",0.000971118393192123,0.00140330355034908,0.00198330469682606,0.00274240550376967,0.00371248639709251,0.00492304307735986,0.00639996536143234,0.00816117537996372,0.0102154128097196,0.0125590966233838,0.0151752108266346,0.0180306093212927,0.0210765588900442,0.0242478487036263,0.0274648418660134,0.0306355409776883,0.0336592640077575,0.0364337591821747,0.0388570132579686,0.0408418227967791,0.0423134351624808,0.0432250266441502,0.0435532000931621,0.0433037475751394,0.0425112805928268,0.0412280636116655,0.0395292424016209,0.0374919780401632,0.0352041897317893,0.0327442495705284,0.0301894095589086,0.0276052253612735,0.0250489385794668,0.0225687301577159,0.0202023318715084,0.0179804256677068,0.0159227801288809,0.014042262993628,0.0123418381013971,0.0108179932936164,0.00945978293997686,0.00825291731538437,0.00717996264634242,0.0062242486435155,0.00536988696550074,0.00460450750153651,0.00391841217630364,0.00330552092657585,0.00276154710680265,0.00228407399139937,0.0018705925933233,0.00151857251656574,0.00122401430852893,0.00098216131361669,0.000786815080075473,0.000631429496126922,0.000508967987961993,0.000412938356230417,0.000337311503537326,0.000277142825654287,0.000228426319843988,0.000188242280367633,0.000140031265311497,0.000117584120694345,9.67790581264137e-05
"Age_41",0.000571756603659192,0.000893803091886335,0.0013569405751387,0.00200193922956097,0.00287258858448558,0.00401364965891162,0.0054646550023973,0.00725832952855874,0.00941867007938959,0.0119519533629525,0.0148465236838898,0.0180729853376406,0.0215791996812142,0.0252894867658187,0.0291039893537105,0.0328991053541268,0.036531272108492,0.0398440920361905,0.0426777921627926,0.0448878645325352,0.0463617685661284,0.0470293574820856,0.0468760348439538,0.0459456719677271,0.0443321718257988,0.0421679356455896,0.0396029488570399,0.0367865303476488,0.033851714615372,0.0309050194629895,0.0280233586123833,0.0252578615636221,0.0226415200058323,0.0201949428262811,0.0179326153512284,0.0158652369983488,0.0139990403781112,0.0123339906617598,0.010862745611975,0.00956998985945012,0.00843369824981654,0.00742814818444698,0.00652860647621523,0.00571347563023162,0.00496660246532074,0.00427879032327399,0.00364699234634134,0.00307225267072708,0.00255790369325245,0.00210726912918446,0.00172192310416587,0.00140054151956267,0.0011388390542656,0.00093035527972882,0.000766257938982569,0.000637365429020837,0.000535151255925435,0.000452121347618214,0.000382491145491636,0.000322276387843885,0.00026897086778672,0.000211732451745127,0.000173867570206676,0.000139041810454866,0.000108273451713769
"Age_42",0.00078671746428536,0.00118005676086414,0.00172754471146315,0.00246906933241503,0.00344719335652495,0.00470323856124237,0.00627759796579742,0.00819803025246236,0.010479196908799,0.0131284807637903,0.0161142013395643,0.0193922153525654,0.0228892481283803,0.0265052464052608,0.0301204530668115,0.0335992608884356,0.0367991989085414,0.0395871431077106,0.0418356366173504,0.0434565593057914,0.0443961503231415,0.0446263999919253,0.0441822648624979,0.0431226784289287,0.0415363911093762,0.0395316865020943,0.0372222493285615,0.034715992370932,0.0321094759551109,0.029481412816046,0.0268940172042697,0.024392244734959,0.0220067887413074,0.0197614159180652,0.017670436134883,0.0157430193117691,0.0139840902852646,0.0123935020997449,0.0109657218031503,0.00969074520012092,0.00855659596812358,0.00754596609668269,0.00664449427628945,0.00583922845232931,0.00511863092086546,0.00447683000130203,0.00391027074623756,0.00341771192225187,0.00299884746015373,0.00265261045145297,0.00237510441776159,0.00215935840139254,0.00199642691070942,0.00187250487394383,0.00177394920002477,0.00168689451029556,0.00159906887056994,0.00150145240272208,0.00138885114351192,0.00126023588502946,0.00111812873853464,0.000967659409956095,0.000815479865885917,0.0006683575837096,0.000532369170059801
"Age_43",0.00108249583215679,0.0015522125146983,0.0021791875122138,0.00299749237013146,0.00404320839347334,0.00534596912941002,0.00693493196322564,0.00882923071529169,0.0110311498761958,0.0135349792551609,0.0163109828953924,0.0193100583191242,0.0224662397864981,0.0256923790043042,0.0288892173763197,0.031945783301741,0.0347545581797183,0.0372092033854715,0.0392160550301475,0.0407119895987435,0.0416457057238169,0.0420045196972276,0.0418055645020633,0.0410769901550225,0.0398892179221957,0.0383144148251387,0.0364312607194121,0.0343296772589761,0.0320863683231438,0.0297737750059635,0.0274523640852007,0.0251717574407344,0.0229683713915646,0.0208683456669674,0.0188911917485381,0.017044505740441,0.0153329612317183,0.0137560079802546,0.0123076934567363,0.0109827757493673,0.00977298787367865,0.00866968552451429,0.00766679196637455,0.00675786847026541,0.00593862612600253,0.00520666337367813,0.00455944613309937,0.00399565060128194,0.00351335610136628,0.00310776064394363,0.00277398543966204,0.0025038857121245,0.00228690328873115,0.00211220019480751,0.00196729845754348,0.00184055254384639,0.00172230569545084,0.00160483352665188,0.00148373955388154,0.00135795975461302,0.00122941759546389,0.00110248635723331,0.000983190255436566,0.000877964080928548,0.000793647665519612
"Age_44",0.0008420662001745,0.00125817531763807,0.00183679320220203,0.00261791097428471,0.00364321069096968,0.0049561669669174,0.00658905689487333,0.00856616693742711,0.0109023892397957,0.0135815268363107,0.0165712100819226,0.0198142509089118,0.0232273022472852,0.0267103780359202,0.0301456565026941,0.0334090466446982,0.0363746681080299,0.0389266301692553,0.0409714580867187,0.0424299696876089,0.0432557460959277,0.0434402230774464,0.0429930714811487,0.0419672533206402,0.0404367177099804,0.0384863552106833,0.0362190077363729,0.033739580751378,0.0311467013040305,0.0285323475070484,0.0259710158623527,0.023522687125083,0.0212270486339003,0.0191086307453076,0.0171784468371115,0.0154317731691446,0.0138593402724858,0.0124478682883746,0.0111790209792315,0.0100377348579699,0.0090099963046912,0.00808316382867117,0.00724926058862976,0.00650185758750203,0.00583514429389582,0.00524567358626729,0.00472875690670198,0.00427892787690551,0.00389095489937156,0.00355757792736702,0.00327015733468225,0.00302050341606996,0.00279862692150576,0.00259544408032993,0.00240301598911482,0.00221470324289455,0.00202610946614638,0.00183520038605905,0.00164256515319328,0.0014510567061053,0.00126545983638976,0.00109178439762063,0.00093649003906773,0.000806442172019349,0.000706522359541928
"Age_45",0.00123521573264383,0.00174183618977888,0.00240810019658758,0.00326095555019755,0.00433099827156595,0.00564279569393997,0.00721104537632052,0.00904619971957425,0.0111437496570732,0.0134830822520483,0.0160335909154496,0.0187462307257877,0.0215607615849709,0.0244070387059118,0.0272081277252551,0.0298854300572447,0.0323605857873883,0.0345652542717031,0.0364367082842533,0.0379224962208788,0.0389929949420646,0.0396209121299111,0.0398001599544662,0.0395435172293757,0.0388685427261882,0.0378116933844913,0.0364218909449971,0.034751366112987,0.0328637985470428,0.0308231802146955,0.0286919669448124,0.0265291117327735,0.0243848106046898,0.0223003515884075,0.0203046661738952,0.0184176268089923,0.0166506611928312,0.0150049710080124,0.0134809262189323,0.0120746895420638,0.0107811478242244,0.00959742886972047,0.00852040538011537,0.00754707990458008,0.0066761857912728,0.00590429825186084,0.00522736103380023,0.00464063047543728,0.00413592563488457,0.00370487379161721,0.00333784875034462,0.00302332378702921,0.0027511093425195,0.00251108950329144,0.00229382297632997,0.0020922836589394,0.00190108758624671,0.00171700944389581,0.00153917071137504,0.00136853713450804,0.00120764247634504,0.00106027475955356,0.000930558664917382,0.000822612126934818,0.000740251200052619
"Age_46",0.00230497167284335,0.00296135480457619,0.00376180815953476,0.00472117426029872,0.00586036635439681,0.00718607046751962,0.00871341081091631,0.0104359919295434,0.0123537699243079,0.0144439318409606,0.0166826711570994,0.0190307134052423,0.0214417943084243,0.0238616698397599,0.0262327528323912,0.0284917498280225,0.0305856155772554,0.0324521880537591,0.0340545374395791,0.0353439243682022,0.036301906053533,0.0369045859491491,0.0371483897663864,0.0370381532863714,0.0365835820817419,0.035814174431474,0.0347561434310193,0.033452695862366,0.0319434971286123,0.0302771840451861,0.0284980273598771,0.0266506102935331,0.0247738785787501,0.0229013813243423,0.0210601941773142,0.0192708680162561,0.017548688693798,0.0159043785355462,0.0143460085206883,0.012879665987466,0.0115109119640248,0.0102448391827132,0.00908560434150939,0.00803789221874537,0.00710298453301981,0.00628254039701558,0.0055728253307684,0.00496970608136441,0.0044637710597515,0.0040441762743941,0.00369788725324699,0.00340950444103737,0.00316546849123493,0.00295107146968945,0.00275536748261506,0.00256854723312345,0.00238474659847687,0.0022006069612996,0.00201579265706213,0.0018321907312497,0.00165331283391134,0.00148370588005743,0.00132777246342535,0.00119034414200651,0.00107394942021313
"Age_47",0.00245396083804342,0.0031391873902685,0.00396849211079951,0.00495654954203298,0.00611761178759528,0.00746051509818092,0.00898971264494052,0.0107031269141539,0.0125905351869039,0.0146335873716505,0.0168054398001917,0.0190713138082582,0.0213887599230024,0.0237103728473342,0.0259851940891108,0.0281606739008434,0.0301862013905212,0.032013086067741,0.0335990503591382,0.0349067427374877,0.0359086296351644,0.0365830169064972,0.0369195659798081,0.0369150947876061,0.0365766853239162,0.0359204106159365,0.0349693611095356,0.0337552198273846,0.0323137581962809,0.0306855152688207,0.0289120529426108,0.0270356955089891,0.0250957246084206,0.0231290536051666,0.0211681243280543,0.0192410710769925,0.0173720121317494,0.015580988930853,0.0138853821222329,0.0122992058993209,0.0108345778730606,0.00950145524621354,0.00830634815297363,0.00725467090925145,0.00634665638751866,0.00558087450442093,0.00495032526296454,0.0044457178552619,0.00405335165402386,0.00375715400027317,0.00353911695137571,0.00338010284263365,0.00326162833610588,0.00316614055475875,0.00307874307893234,0.00298741357628723,0.0028835039573212,0.00276227596588774,0.0026220793032156,0.00246467477956313,0.00229403082761021,0.00211596696973693,0.00193720812012378,0.00176468635149049,0.00160461392545628
"Age_48",0.00245984987405456,0.00310531539241132,0.0038807338941544,0.00479952227975382,0.0058763054086699,0.00711638166118257,0.00853128283496698,0.0101123635926213,0.0118599031225732,0.0137525510515525,0.0157709326478548,0.0178833005733011,0.0200532626090958,0.0222387975661569,0.024395061940625,0.0264747991093695,0.0284361309847388,0.0302300055219276,0.0318274673141849,0.0331878773929223,0.0342927605585272,0.03511833348455,0.0356547579806026,0.0358955386620948,0.0358403361895541,0.0355000466944852,0.0348797184575853,0.0340072837014385,0.0328941259672959,0.0315767664623954,0.0300774055913082,0.0284319350323071,0.02667075947622,0.0248275444493652,0.02293453339229,0.0210232412268533,0.0191236345524385,0.0172644051078346,0.0154698569982082,0.0137657908236095,0.0121691131125206,0.0106990346812119,0.00936602302023614,0.00817926583572484,0.00714200701647254,0.00625359258493297,0.00550826273399126,0.00489605100151692,0.0044048722237926,0.0040176466020971,0.00371891298865157,0.00348906339716248,0.00331139134020465,0.00316901345653956,0.00304756180951632,0.00293500897598728,0.0028221865876459,0.00270299896426483,0.00257414092021628,0.00243504402993333,0.00228634313051601,0.00213370006145064,0.00197990609531146,0.00182987621869804,0.00168836363032413
"Age_49",0.00213589531203981,0.00272630831883693,0.00344356474569956,0.00430185695340624,0.00531718127464181,0.00649830491716193,0.00785422803890016,0.00938473077345936,0.0110860287154234,0.0129443700367262,0.0149406483993872,0.0170467687574573,0.0192289900609501,0.0214480802669734,0.0236612681477363,0.0258241264073373,0.0278930584941072,0.0298246062304322,0.0315817274972932,0.0331265558724515,0.0344325331499572,0.0354710801489331,0.0362260825147447,0.0366842108581088,0.0368360357614475,0.0366866350502345,0.0362335104750005,0.0354998415919757,0.0344904217373512,0.0332427304539935,0.0317707686939026,0.0301180172850823,0.0283092335736973,0.026386241006453,0.0243815497775369,0.0223331528210621,0.0202758002385547,0.0182436919509738,0.0162684667216492,0.014379856838693,0.0126023457866921,0.010958420365723,0.00946296273530966,0.00812822218243828,0.00695803055306173,0.00595259138381698,0.0051055758912433,0.00440623662958103,0.00384059277508225,0.00339054523242781,0.00303886953203243,0.00276555409285039,0.00255404547589075,0.00238716495932967,0.00225217504122815,0.00213763508003426,0.00203609648136721,0.00193867063690255,0.00185204579745891,0.00177005789615009,0.00169417795392717,0.0016270326944184,0.00157101173972113,0.00152918513538872,0.00150259407815124
"Age_50",0.00169713337827759,0.00225369940008233,0.00295265297236268,0.0038204802598741,0.004879164235076,0.00614838765085116,0.00764887575373037,0.00938442882888903,0.0113555581957237,0.0135499942423205,0.0159384109692642,0.0184830920525747,0.0211301525280566,0.0238172364279643,0.0264749856979505,0.0290318269396927,0.0314174409880551,0.0335661809440875,0.0354262657030518,0.0369502919193504,0.038108230080709,0.0388827618461839,0.0392627019870078,0.0392581257224611,0.0388810006011528,0.0381552344275494,0.037116297277254,0.0357971451429397,0.0342398831151977,0.0324862137572454,0.0305754100364434,0.0285491077870456,0.0264422151977261,0.0242889377114539,0.02212070537484,0.019965897695726,0.0178518110398254,0.0158044498451148,0.0138500347136946,0.0120112734909997,0.0103117319157914,0.00877096740741584,0.00740065075628364,0.00621193678933131,0.00520533018607983,0.00437626698500597,0.00371511636067769,0.00320334635278882,0.00282208549400682,0.00254829078692117,0.00235673743060475,0.00222543901769533,0.00213296507637311,0.00206168623936383,0.00199771011271124,0.00193114436774807,0.00185321559689554,0.00176798690217457,0.00167162758591841,0.00156693788538701,0.00145835923855328,0.00135079349808992,0.0012491830078412,0.00115759237789385,0.00107920269064165
"Age_51",0.00235744051962858,0.00299231814529996,0.0037596348556744,0.0046768479325145,0.00575938797248058,0.0070215029362305,0.00847297145462538,0.010117023771493,0.0119507467345085,0.0139606360147195,0.0161238800603126,0.0184071117446562,0.0207669578910585,0.0231536373805725,0.0255114122476435,0.0277840268852794,0.029914285075528,0.0318509218261678,0.0335486786364344,0.0349654445571682,0.0360758389408133,0.036855430599369,0.0372907180406825,0.0373871732288012,0.037144739803259,0.0365859427723898,0.0357397666457243,0.034633280970727,0.0333112586670666,0.0318121467434258,0.0301724767437072,0.0284331526331525,0.0266219861588373,0.0247663777231664,0.0228882388774522,0.0210045971089344,0.0191327642020499,0.0172885181205745,0.0154906780905665,0.0137555166449444,0.012103313487065,0.0105530612169418,0.00911832602437216,0.00781687303303481,0.00665466714405884,0.00563497415615936,0.00476183897333134,0.00402483478863162,0.00341677401605745,0.0029267891737052,0.00253718819138425,0.00223560017104267,0.00200504895685484,0.00183017197904934,0.00169487900943189,0.00159540209524289,0.00151601631506214,0.00144952475153207,0.00139034327687098,0.00133515490066999,0.00128204254228046,0.00123036202385454,0.00118037211599037,0.00113274100948339,0.00108823129025319
"Age_52",0.00247935769729434,0.00318520553794316,0.00404382096860719,0.00508019372841111,0.00630454078400952,0.0077330287537481,0.0093740347639197,0.011224455175941,0.0132761746107599,0.0155083589148497,0.0178887166000159,0.0203746638019955,0.0229122597314819,0.0254408544588727,0.0278926898046011,0.0302031053992906,0.0323021548020655,0.0341317951609272,0.0356456220893437,0.0368015389003515,0.0375786587963742,0.0379690905138734,0.0379787716737115,0.0376297066609618,0.0369498155347759,0.0359796254203318,0.0347662353958796,0.0333478889802935,0.0317759262778971,0.0300895544330273,0.0283231573846944,0.0265087109461671,0.0246695596380427,0.022825019610268,0.0209903125730654,0.0191781503575996,0.017399912550073,0.015667257560929,0.0139934509598082,0.012390061060661,0.0108723525578395,0.00945475958471206,0.00814766949869178,0.00696448456157241,0.005912083820596,0.00499332428214424,0.00420912927695886,0.00355407720315807,0.00302044817597665,0.00259703966708276,0.00226829417420496,0.00202130363860425,0.00183875156856279,0.00170548477297084,0.00160885419921876,0.0015359120764679,0.00147734950692412,0.00142598775501765,0.00137420427645064,0.00132593019062341,0.00127593460686072,0.00122481650469326,0.00117395313903167,0.00112498202101408,0.00107943492775855
"Age_53",0.00110731152386651,0.00156410478338234,0.00216895448860536,0.00295281649150452,0.00395208658369866,0.0051967114405258,0.00671313107398439,0.00852525237442626,0.010644303561787,0.0130628787516657,0.0157626239246531,0.0187052258414344,0.0218274481773074,0.0250530955878564,0.0282896158143889,0.0314341080770731,0.0343820934257036,0.0370250783865941,0.0392720652424174,0.0410494733916771,0.042294273610061,0.0429761617851969,0.0430941465854307,0.0426641938369673,0.0417226527824242,0.0403387873427105,0.038585265360289,0.0365438375099175,0.0343010332085339,0.0319365728972845,0.0295211237426834,0.0271139997763991,0.0247591624162716,0.0224877274868093,0.0203165146000572,0.0182522608647089,0.0162968267751287,0.0144488831828786,0.0127048066744629,0.0110652552544302,0.00953320486376456,0.00811289281926357,0.00681182405838746,0.00563852470967076,0.00459891901133055,0.0036966185071959,0.00293483076485114,0.002308129996619,0.00180888927452271,0.00142764307068036,0.00115081914796504,0.000962024987914423,0.000845692990059371,0.000786140207912427,0.000766793903891615,0.00077400728012992,0.000795783138335161,0.0008193387004799,0.000845449336538359,0.000864946972876931,0.000876651202662286,0.00088157610647403,0.000882143117987783,0.000881727287323567,0.000883563907965872
"Age_54",0.00106937909288908,0.00152040771276647,0.00212024932376497,0.00290105095358837,0.00389890695227855,0.00514698096863531,0.00667223630685277,0.0084997396635726,0.0106413328922938,0.0130900615437089,0.0158265229707479,0.0188110479650501,0.0219812174625605,0.0252584627352215,0.0285489178740631,0.0317463530634662,0.0347436773507652,0.0374340806323669,0.039722331810147,0.0415342804125864,0.0428052543776587,0.0435080719946279,0.0436415446515844,0.0432232261669313,0.0422942591467731,0.0409221657553327,0.0391796716885937,0.0371447002474165,0.0349047805785157,0.0325354076773526,0.0301036694719077,0.0276659779587058,0.0252648841799601,0.0229317299245295,0.0206857633320466,0.0185378722718419,0.0164949614259077,0.0145610472088153,0.0127374715456468,0.0110291081608767,0.00944130354664571,0.00797865224591415,0.00664764212179392,0.00545452843021504,0.00440182458674849,0.00348930349256252,0.00271595197302377,0.00207294256569744,0.0015496810941065,0.00113453369485414,0.000813351242922861,0.000570516410897644,0.00039248617969313,0.000265922203848513,0.000179152833498025,0.000123097853158391,9.07742617868889e-05,7.41814509940583e-05,7.64496562679853e-05,9.15778248884649e-05,0.00011866537161333,0.000157530824499026,0.000208195615395925,0.000270286322456485,0.000342642744167472
"Age_55",0.00155040664284981,0.00210508718335272,0.00281268928737112,0.00370020904671788,0.0047953334847864,0.00611757211569058,0.00768557777280534,0.00951058444067446,0.0115901860963318,0.0139115510830208,0.0164493871817274,0.0191620362838412,0.0219936211492285,0.0248785635689661,0.0277394368661362,0.0304953488223477,0.0330633486215977,0.0353636484385831,0.037328650216656,0.0389024022153326,0.0400377242580454,0.0407175717708929,0.0409398525763979,0.0407108245983069,0.0400654697631761,0.0390485370750928,0.0377090719652127,0.0361030056072256,0.0342927801834531,0.0323326613078967,0.0302714829864189,0.0281551338719749,0.0260189184292673,0.0238913197694214,0.0217944111330933,0.0197448130170268,0.0177561350161922,0.015840392158124,0.0140069886100878,0.0122671337379091,0.0106314999535368,0.00910927716127926,0.00770968532670517,0.00644081653791093,0.00530676940255084,0.00430828630637798,0.00344596258942851,0.00271313468783477,0.00210124882384015,0.00160101939578452,0.00120029900747203,0.000885355014954346,0.00064355497260489,0.000463702143544366,0.000333486650483776,0.000243503810639014,0.000186408692552294,0.000152922908742607,0.000144319103999632,0.000153225722310044,0.000177303224968498,0.00021448884217192,0.000263262419858214,0.00032202202111269,0.000388576926103525
"Age_56",0.00116912047768557,0.0016494496502571,0.00228307847599984,0.003102055646496,0.00413834452032789,0.00542203490539976,0.00697841882066436,0.00882960072210382,0.0109784223553311,0.0134180444561997,0.0161231254772829,0.019049350320596,0.0221334062100077,0.025294090810309,0.0284370126415465,0.0314598409610338,0.0342575050264688,0.0367327390253556,0.0387966132087809,0.0403842492741666,0.0414518828299519,0.0419803367911532,0.0419791571627084,0.0414808534164037,0.0405407309799498,0.0392284617576312,0.0376214178929701,0.035795865763229,0.0338290489174598,0.0317842202563639,0.0297121903095307,0.0276489505191309,0.0256163375144843,0.0236243400419277,0.0216741301718641,0.0197627192650988,0.0178869461936856,0.0160463928249309,0.0142464404783975,0.0124976911604285,0.0108162686917203,0.00922219160194024,0.0077361864859275,0.0063776635576432,0.00516151850320029,0.00409678151249304,0.00318624927211686,0.00242780106424876,0.00181024662195762,0.00132043017427941,0.000941668378234867,0.000656298361832426,0.000446973647497161,0.000297363598247185,0.00019313798608206,0.00011925722164763,7.40536918201824e-05,4.48098831777865e-05,2.64825126207097e-05,0,0,0,0,0,0
"Age_57",0.00102009601606049,0.00144156138415417,0.00199859174616252,0.00271841657300391,0.00363086820490802,0.00476229259066218,0.00613691240966746,0.00777153849248359,0.00967764190419221,0.0118495151082851,0.0142701378141149,0.0169071656707326,0.0197121061098748,0.0226200205679134,0.0255535826240328,0.0284265304090704,0.0311476281389622,0.0336272015899733,0.0357831356334353,0.0375481146980774,0.0388734082993902,0.039731409750727,0.0401214486665513,0.0400627287159762,0.0395993840415927,0.038789574939049,0.0376990081960161,0.0363922154394303,0.0349334743068366,0.0333718779697129,0.0317427959130942,0.0300664389456834,0.0283503781996394,0.026592169289708,0.0247858933068479,0.0229261366682726,0.0210128736398425,0.0190541125905348,0.0170679511689709,0.015080936977292,0.0131261233026429,0.0112402649681132,0.00945940037215933,0.00781600282372758,0.00633457625957659,0.00503163064835098,0.0039152291479438,0.00298208797749293,0.00222205642826941,0.00161895445759959,0.00115302279268738,0.000802131124085896,0.000545337882202945,0.000361980948557121,0.000234490492808299,0.000148152459624822,9.14960541865164e-05,5.51026896892831e-05,4.68445934673878e-06,0,0,0,0,0,0
"Age_58",0.000731552848240858,0.00106536311741472,0.00152122214247971,0.00213093362197443,0.00293024289539017,0.0039554333893024,0.00524311905850498,0.00682874165613876,0.00873418092955139,0.0109706912835308,0.013532768029077,0.0163927980110968,0.0194991146996166,0.0227760958948414,0.0261286689133366,0.0294458645212913,0.0326087349356833,0.0355013808536618,0.0380185820310719,0.040068148018415,0.041594652678324,0.042566717900018,0.0429822117697218,0.042870304982378,0.0422822909214573,0.0412876625131121,0.0399609294913209,0.0383768203726598,0.0366029357635354,0.0346936593591803,0.0326874538312133,0.0306088662139845,0.0284723630868596,0.0262859059876883,0.0240567037285433,0.0217962262646782,0.0195228211692342,0.0172624048938081,0.0150474744067817,0.0129150345366212,0.010901592857163,0.00904023985325339,0.00735835395859599,0.00587441291414614,0.00459568206688043,0.00352033118340145,0.00263935557896552,0.00193529012564,0.0013871640489241,0.000971209857507789,0.00066373618621822,0.000443033995412534,0.00028840245105902,0.000183000599861451,0.000113227736011817,6.82702936360143e-05,4.0100438615898e-05,1.95191329671552e-05,0,0,0,0,0,0,0
"Age_59",0.00024220533769047,0.000397323976660137,0.000635096609875578,0.000988825384340749,0.00150002715021421,0.00221776055134272,0.00319381283650484,0.00448556613152727,0.00614058973469099,0.00819847677057705,0.0106833300919478,0.0135864180545987,0.0168777364981029,0.020487962086106,0.0243169319186212,0.0282363785429859,0.032096887011595,0.0357393793361908,0.0390060892872217,0.0417579038764833,0.0438823998634628,0.0453098721061398,0.0460130798919903,0.0460119013794765,0.045375270475853,0.0441914529465984,0.042579237441638,0.0406536863272163,0.038518402431124,0.0362589007232488,0.0339327140395125,0.0315742740416777,0.029199019430846,0.0268117924636562,0.0244151844960607,0.0220157659228407,0.0196280821990381,0.0172750606819241,0.0149873752434061,0.0127986485636532,0.010743384432229,0.00885386268410307,0.00715308498579401,0.0056596967706782,0.00437976881073489,0.00331096297503685,0.0024427862324719,0.00175693395007785,0.00123089025480726,0.000839242960728832,0.000556503503340704,0.000358747847962026,0.000224578320063588,0.000136571855359652,8.06750518125158e-05,4.61936875832387e-05,5.29382057573936e-06,0,0,0,0,0,0,0,0
"Age_60",0.000227546988586791,0.00038286606111804,0.000626206150347041,0.000996788689420137,0.00154350690083067,0.00232561157847577,0.00341022772776498,0.00486709706177897,0.00676299861288022,0.00915054070393605,0.0120566561080878,0.0154733044451438,0.0193440610011837,0.0235624424169259,0.0279710713959656,0.0323694446281745,0.0365304779632235,0.0402245014616902,0.043246003516364,0.045435652403106,0.046705896117153,0.0470439939120145,0.0465233038244634,0.04528296937391,0.0435046221465846,0.0413865516279785,0.0391135366121185,0.0368350409993099,0.0346474995216984,0.032590944044616,0.0306562863760046,0.0287993790329478,0.0269588990466469,0.0250755768506075,0.0231062262663555,0.0210328897859803,0.018864786837782,0.0166354104414409,0.0143962646404516,0.0122075341662828,0.0101292906622407,0.0082144325788706,0.00650394115192778,0.00502237011608412,0.00377910138477508,0.00276837379378616,0.00197244147431637,0.00136589479999091,0.000918614238118798,0.000599644187731954,0.000379820906892127,0.000233270066231902,0.00013880983969327,8.00494296746615e-05,1.22589650410154e-05,7.06896527432701e-06,0,0,0,0,0,0,0,0,0
"Age_61",0.000312940511602855,0.000484821292546405,0.000741129220285787,0.0011167430083233,0.00165605756362701,0.00241297070085085,0.00345093333671736,0.00483781076841764,0.00664260744534878,0.00892588032203964,0.0117268434764689,0.0150555139663811,0.0188762813992543,0.0231029366675936,0.0275938225069544,0.0321546376142922,0.036552521306482,0.0405383019013688,0.0438735573985721,0.0463584828869575,0.0478613793818326,0.0483290422886588,0.0478043680839433,0.0464128541795809,0.0443404023057627,0.0418080357827075,0.0390403073682182,0.0362385446442902,0.0335558726575103,0.0310868047462178,0.0288667987360026,0.0268810393225811,0.0250782088234325,0.0233871722765437,0.0217357754953297,0.0200636103547322,0.0183314817040398,0.0165253883791026,0.0146571491510698,0.01275937728695,0.0108790742489159,0.00906929111025145,0.00738168491466996,0.00585878750987224,0.00453056926327785,0.00341104459979335,0.00249908457239774,0.00178134936757022,0.00123529201914522,0.000833751891203161,0.000548264112833277,0.000351371850330875,0.000219714008639823,0.000134269843404879,3.50476059782088e-05,2.30740625200048e-05,1.48425270228133e-05,9.33891981086579e-06,5.74130977138624e-06,0,0,0,0,0,0
"Age_62",0.000154886992926885,0.000280440579663468,0.000427314876773769,0.000656014688667672,0.0010115346411952,0.00155886528502558,0.00238651487383008,0.00360565578691523,0.00534597454890942,0.00774280864949164,0.0109160391443603,0.0149422501849001,0.0198227930253927,0.0254555110667364,0.0316168427843632,0.0379642145324628,0.0440614988610835,0.0494288415651783,0.0536109539017979,0.0562482250840647,0.0571409062607046,0.0562858504291141,0.0538752731795915,0.0502631524169596,0.0458988490426286,0.0412491219757722,0.0367247108609962,0.0326266679117248,0.0291229504241427,0.0262542851467073,0.0239617526686081,0.0221243867497884,0.0205959221526622,0.0192333995046809,0.01791548264628,0.0165523474060466,0.0150894887963136,0.0135082876301252,0.0118241305174934,0.0100814971654219,0.00834532634104248,0.00668914864457973,0.00518165392114573,0.00387494588535569,0.00279724842344968,0.00195142553511834,0.00131879211853499,0.000866773617574932,0.000557092688601682,0.000352411654553484,0.000220926724325992,9.5519775659603e-05,6.66843188379204e-05,4.5557286947402e-05,3.0423301315768e-05,1.98499150854212e-05,1.26731716940167e-05,7.90271667620838e-06,0,0,0,0,0,0,0
"Age_63",0.000134276638254567,0.000189661199152237,0.000334375625785126,0.000507240763671033,0.00077655726438126,0.00119728825191826,0.0018498992269202,0.00284243200823516,0.00430884795606622,0.00640322916125068,0.00927536278215042,0.0130420146927216,0.0177510976386502,0.0233380410510564,0.0296082959495234,0.0362277351257667,0.0427429875936574,0.0486438554480556,0.0534314634252094,0.056702457148205,0.0582147646041919,0.0579342702667456,0.0560301430475481,0.0528288905320198,0.0487632283819176,0.0442825359696413,0.0397820742408241,0.0355542270999975,0.0317697083843068,0.0284857512455293,0.0256706393626891,0.0232460611392037,0.0211166233123625,0.019191242359238,0.0173961258263772,0.0156758309949853,0.0139925539660448,0.0123247645881143,0.010667613276996,0.00903431623960387,0.00745489324321765,0.0059708999486933,0.00462695386038998,0.00346083846019323,0.00249439720492684,0.00173175755572402,0.00115931489779872,0.000749467721287243,0.000469428589788811,0.000286257469232686,0.000170892532619469,5.74112098979843e-05,3.83713947256628e-05,2.50624124792032e-05,1.59794522530394e-05,9.94974122116234e-06,6.05198121535783e-06,3.58853536835923e-06,0,0,0,0,0,0,0
"Age_64",0.000265680158654812,0.00041311264250869,0.000635666439417526,0.0009654389141197,0.00144480453492871,0.00212888166720226,0.0030872591821336,0.00440933100964861,0.00620059794258455,0.00858792944101271,0.0116898666596289,0.0156103131552758,0.0203909250418982,0.0259749652176718,0.0321797077808813,0.0386822931495738,0.0450411865558165,0.0507542372218142,0.0553175694880433,0.0583395481675545,0.0595824483418947,0.0590187797155612,0.0568169780787412,0.0533087374497286,0.0489159965540109,0.0440606964544308,0.039113498184844,0.0343427037107376,0.0299120739473677,0.0259037976553801,0.0223465093261616,0.0192519867913661,0.0166272945843846,0.0144713841828013,0.0127671222664095,0.0114624981713058,0.0104685836109616,0.00966527202379912,0.00892839927888703,0.00815275770724942,0.00727684489054212,0.00629202442373501,0.00523610351664796,0.00417547987784933,0.00318212868144321,0.00231553064321954,0.00160783443193281,0.00106683285762638,0.000677651187571013,0.000413468284616921,0.000243407032682451,0.000139218233405486,7.79970411847902e-05,2.39458921400728e-05,1.54161410921624e-05,9.70969938194595e-06,5.97835071213475e-06,3.59640782420575e-06,0,0,0,0,0,0,0
"Age_65",0.000340578140179353,0.000524241099875065,0.000796426555933529,0.00119252159695904,0.00175894499263324,0.00255167653424443,0.00364027231210816,0.00510533337240493,0.00704038387476919,0.0095332240786277,0.0126633484503331,0.01648146184881,0.0209885506277301,0.0261045254507735,0.0316646707001552,0.0374135652784831,0.0430137332334708,0.0480836762780749,0.0522459236906297,0.0551720461182033,0.0566450390411073,0.0565938473605956,0.0550975124395336,0.0523607781220342,0.0486925746165904,0.0444345224190211,0.0399113771937044,0.0353915066631614,0.0310689979674349,0.027064604203898,0.0234430547367505,0.0202366501919783,0.0174574795840951,0.015108018323202,0.0131773671649152,0.0116364407944887,0.0104297975011558,0.00947982981862692,0.00869449815207434,0.00798261627208136,0.00726943899694966,0.00650886357000849,0.00568814850233613,0.00482426904051591,0.0039546018154682,0.00312428213686604,0.00237413957645807,0.00173312605608143,0.00121459099848227,0.000817131988040884,0.000527614963464724,0.00032724118956816,0.000195233684159583,0.000112339697327823,6.24476473165494e-05,3.36779587177776e-05,6.95781824970328e-06,4.27755914119544e-06,0,0,0,0,0,0,0
"Age_66",0.000539605898671288,0.000813672518045688,0.00120582625571202,0.00175526015362985,0.00250889078229147,0.00352018900079678,0.00484610509831608,0.00654608120010285,0.00867730024243888,0.0112825055568471,0.0143844278602316,0.0179772181965724,0.0220146838095608,0.026405555686228,0.0310105106404911,0.0356443420696358,0.0400908627411082,0.0441160554054838,0.0474923833723681,0.0500249944297778,0.0515730186591016,0.0520635781768278,0.0515012788968194,0.0499630510885926,0.0475839696721213,0.044545014112811,0.0410389484729348,0.0372555020633409,0.0333707803968383,0.0295349646700273,0.0258708832050441,0.0224741558477118,0.0194154095855877,0.0167397508746123,0.014464528250135,0.0125785728070676,0.0110467436952868,0.00981291845749572,0.00880463769568032,0.00794700179570782,0.00717205223271795,0.0064274698786739,0.00568204326209899,0.00492617700279815,0.00416912433602845,0.0034318610933896,0.00274034915128599,0.00211859556768044,0.00158374005072673,0.0011436315543348,0.00079724609012803,0.000536295992341203,0.00034826415071151,0.000218459399434746,0.000132324344734243,7.7436784636198e-05,4.39070871581023e-05,6.07974668255852e-06,3.76293238487198e-06,0,0,0,0,0,0
"Age_67",0.0010305248504819,0.00149060072178378,0.00210889626521355,0.0029175804954171,0.00395121666341892,0.00523881721453816,0.00680165649742654,0.00865590326842563,0.0108019351951354,0.0132271415610425,0.015906841056302,0.0187976296856447,0.0218449176062893,0.0249824865115605,0.0281327081492937,0.0312121907098465,0.0341333276942274,0.0368098885365682,0.0391553509036631,0.0410929719423124,0.0425605930767009,0.043504800047243,0.0438959669503064,0.0437258393756741,0.0429998092660207,0.0417540675812477,0.040037791899403,0.0379129142703833,0.0354619485063077,0.0327692752680132,0.0299262385520562,0.0270242821918997,0.0241498623728837,0.0213806599104346,0.0187785496407756,0.016390622331664,0.0142432310087127,0.0123426371519941,0.0106829225078726,0.00924076412629567,0.00798888654444314,0.00689945769649615,0.00594523206771785,0.00510719757660846,0.00437292255100534,0.00373564443134621,0.0031939480231705,0.00274701096993877,0.00239204273824638,0.00212368725460567,0.00193138042813295,0.00180004687230473,0.00171232746939876,0.00164886181550231,0.00159205240310282,0.00152728104698818,0.001440318103852,0.00133753528329817,0.00121234481374094,0.00106986413496269,0.000917474881756932,0.000763731005797119,0.000616616673911403,0.000482638013310477,0.000366135635882012
"Age_68",0.00194189485817062,0.00258980511603013,0.00339701159325725,0.00438578725485093,0.00557168592005788,0.00696712946196802,0.00858252017413734,0.0104139527813027,0.0124511416739438,0.0146766559698424,0.0170593941417691,0.0195599172620412,0.0221313382124041,0.0247186410396871,0.0272630545376093,0.0297033651125988,0.0319790886702618,0.0340335274253362,0.0358165559725365,0.0372839828157297,0.0384019051284869,0.0391499160733475,0.0395132608779124,0.0394876385942408,0.0390855789609075,0.0383212207817558,0.037217673957867,0.0358095910259513,0.034133677567212,0.0322314443949261,0.0301504241448705,0.0279400757448884,0.0256500283235095,0.023330393299495,0.0210284913316964,0.0187873773732798,0.0166458899199003,0.0146329110772141,0.0127711040016561,0.0110784455788314,0.00955907895524947,0.00821395920425698,0.00704144279239723,0.00602998383173287,0.0051678408450708,0.00444371833176551,0.00384199955610137,0.00334784356835765,0.00294761234216518,0.002626415895104,0.00236997679101221,0.00216493215880972,0.00199848915011499,0.00185876240599272,0.00173551426873122,0.00161432940724924,0.00150318631231287,0.00138865757426895,0.00126902495223017,0.00114445633549716,0.00101662599999001,0.000888146267353878,0.00076220970678525,0.00064198086006879,0.000530314335897853
"Age_69",0.00183896075273981,0.00247130291475733,0.00326514395629,0.00424550868615457,0.00543318479850958,0.00684424090411661,0.00849155323982218,0.0103788503273392,0.0124997895204381,0.0148385976999143,0.0173671834413528,0.0200444851735557,0.0228175421239847,0.0256223744173801,0.0283856141026009,0.0310292053575501,0.0334727792326788,0.0356396579319825,0.0374662860695,0.0388969905020998,0.0398968929783123,0.0404518393023062,0.0405598289691733,0.0402379820134341,0.0395167251414181,0.038432157220687,0.0370263552058713,0.0353455292730504,0.0334366585591014,0.0313464874029756,0.029123041126934,0.0268147997877899,0.0244685813338674,0.0221303927281141,0.0198426847283264,0.0176439332776955,0.0155671167758026,0.0136360727570556,0.011869691988955,0.0102780580854811,0.0088631055167245,0.0076223136023214,0.0065478583169818,0.00562798219726526,0.00484921494450271,0.00419758612610856,0.00365854064380683,0.00321744454791501,0.00286087403327421,0.00257564290803512,0.00234820857602462,0.00216150449752921,0.00201549198953965,0.00189055564465329,0.00177747343965391,0.00166834025356216,0.00155724566811952,0.00144051460512332,0.00131666633386917,0.00118629526330631,0.00105155874711329,0.000915684931845009,0.000782425888250738,0.00065544049225059,0.000537951023105434
"Age_70",0.0021262111395966,0.0028688684630238,0.00380015512451662,0.00494234111234566,0.00631644627368511,0.00793497495624501,0.00980052305914294,0.0119071387495712,0.0142382725541439,0.0167609477969894,0.0194339332146247,0.0222035225113447,0.0250068074299115,0.027774795632208,0.0304344001983438,0.0329140686424903,0.0351460846563284,0.0370629692744725,0.038618763060755,0.0397724488592666,0.0404948212971694,0.0407763994316453,0.0406189125607496,0.040035690654098,0.0390537802562216,0.0377123420745116,0.0360517307856668,0.0341268498119043,0.0319933643407469,0.0297074853666426,0.0273289022526075,0.0249140127616295,0.0225155214935836,0.0201812431740505,0.0179500634849076,0.0158555054979408,0.0139196373047981,0.0121555542367812,0.0105702979880263,0.00916236198132173,0.00792343986518463,0.00684314175132833,0.00590985536513708,0.00510801559772591,0.00442559947792411,0.00385041167224931,0.00337065254307414,0.00297616459649082,0.00265682184103473,0.00240187578447713,0.00220038106169987,0.00204177756366077,0.00191382520172372,0.0018055952779512,0.00170178975200514,0.00160675964690594,0.00150596730453284,0.00139605891347001,0.0012761360801815,0.00114751882990973,0.00101305430152563,0.00087685448836536,0.000743278706039689,0.000616590652954183,0.000500284260439336
"Age_71",0.00183101581321219,0.00251763994880513,0.00339249603568971,0.00448557423894919,0.00582129807883721,0.00741741449117691,0.00928432152813753,0.0114225485902612,0.0138157128587498,0.0164392024491224,0.0192496311025452,0.0221895503799786,0.0251906685792073,0.0281737192233838,0.0310541262223094,0.0337439034649678,0.0361601725335146,0.0382317457004424,0.0398912895386385,0.0410971055623031,0.0418249573300045,0.0420657431730938,0.0418308755871241,0.0411486971821434,0.0400497028027414,0.0385861612748222,0.0368080845084992,0.0347674709933691,0.0325200514577992,0.0301205607338308,0.0276229950059484,0.0250809748135286,0.0225451469426956,0.0200644483086965,0.0176811963642945,0.0154326616198615,0.0133484428664782,0.0114486097877777,0.00974584827627389,0.00824587984272894,0.00694262316596955,0.005828937268255,0.00489264341771489,0.00411813160857251,0.00348957667407416,0.00299123414288137,0.00260586546475652,0.00231845875914254,0.00211337713726537,0.00197366872125996,0.00188062631948194,0.00182678390400842,0.00179111169245212,0.00176024353326838,0.00172262105233823,0.00166972668263384,0.00159587072305214,0.00149910480702275,0.0013808439700482,0.00124492824051753,0.00109720127761655,0.000944480842558129,0.000793581666223368,0.000650580079927715,0.000520133637015503
"Age_72",0.00127487994395593,0.00184232275509255,0.00259858746107446,0.00357898787564518,0.00481682730627624,0.00634105464842235,0.00817445995852088,0.0103219103036902,0.0127860423869283,0.0155402600405602,0.0185482702739363,0.0217516790705039,0.0250743262377821,0.028424185206869,0.0316959590789909,0.0347818679114372,0.0375710873892717,0.0399660386490312,0.0418865598696863,0.0432712001258478,0.0440886224666981,0.044335496577064,0.0440216085341059,0.0431922456930465,0.0418955846990143,0.0401935086841107,0.0381549117067147,0.0358466693414299,0.0333384342395214,0.0306970649043024,0.0279841148563665,0.0252566658297576,0.0225643563515663,0.0199504397331651,0.0174486726143612,0.0150871427316034,0.0128878894406583,0.0108658839607718,0.00903385416565415,0.00740098961869519,0.00597055196557505,0.00474784461579301,0.00372789967360935,0.00290546377162792,0.00226992133816577,0.00180633142747613,0.00149554886466404,0.00131747395658803,0.0012456764832971,0.00125610375244615,0.00131757275651616,0.00141430706671632,0.00151560877289752,0.00160081429443697,0.00165417748368495,0.00166388005309989,0.00162623497777686,0.0015418003132896,0.00141703907990729,0.00126208074352708,0.00108897843942169,0.000910216064614024,0.000736902041903703,0.000577921523017215,0.00043898789781872
"Age_73",0.000971944392074263,0.00146490142701725,0.0021423050846055,0.0030474749004309,0.00421658474117586,0.00568089177674492,0.00746804409247721,0.00958597815152794,0.0120325094969759,0.014791992042317,0.0178277698255727,0.0210913097770579,0.0245140649556266,0.0280120798316556,0.0314858527526111,0.0348241476136641,0.0379103218414364,0.0406235460342317,0.0428644834850467,0.0445453108189316,0.0456096654755669,0.0460355640736973,0.0458251551641485,0.0450197077239156,0.0436756421591905,0.041859720212047,0.0396576924613618,0.0371481142866503,0.0344099407859345,0.0315210246150622,0.0285515901184835,0.0255671986413176,0.0226266701282964,0.0197819333593906,0.0170753800051833,0.0145424253661475,0.0122104872226042,0.0100963095544492,0.00821266445331614,0.00656574958185192,0.00515418304226589,0.0039741382366388,0.00301535460113848,0.0022654213929685,0.00170701616723964,0.00131940482320562,0.00108196032788036,0.000970715381554337,0.000960388720742824,0.00102601781464516,0.00114118081945413,0.00127715985612483,0.00141525603460203,0.00152916520766457,0.00160109410971552,0.00161982210763787,0.00158146088453881,0.00148821736208814,0.00134980684988403,0.00117979400294481,0.000993480164326215,0.000806041819086412,0.000630050009140677,0.000474532146724909,0.00034418968799137
"Age_74",0.00088425508141655,0.00135316997563743,0.00200616769961063,0.00288376049672012,0.00402264950551033,0.00545318981350806,0.00719739015127335,0.0092656722524871,0.0116603705651661,0.0143725665164941,0.0173850086396917,0.020669926119304,0.0241822773654279,0.0278579371056118,0.0316076105322676,0.0353175342699124,0.0388532186059041,0.0420697354356181,0.0448247718388787,0.0469927664933223,0.0484746098075332,0.0492078523457152,0.0491638240940053,0.048356288249143,0.0468302630984073,0.0446614082786901,0.0419562012506254,0.0388392072797823,0.0354504590248156,0.031931061997885,0.0284127738089875,0.0250067245022567,0.0217950476037414,0.0188278277770068,0.0161261780359881,0.0136882486796493,0.0114997516248574,0.00954079369710252,0.00779501901582001,0.00625221318017155,0.00490653279030124,0.00375600105515703,0.00279650247233123,0.00201995040829566,0.00141297368470608,0.000955303165056346,0.00062352139055631,0.000392416720968648,0.000237986504407738,0.000139031650992901,7.82336823506193e-05,5.81465893011899e-06,0,0,0,0,0,0,0,0,0,0,0,0,0
"Age_75",0.000796427263026853,0.0012276287713728,0.00183690069826435,0.00266644617473835,0.00375843805133087,0.00514589532977645,0.00685514865953883,0.0089025395087873,0.0112964627588411,0.0140407794975678,0.0171276622088456,0.0205431424377581,0.0242540083856234,0.0282021962240777,0.0322967964527213,0.0364093450701041,0.0403804393584015,0.0440325504864674,0.0471881164327331,0.0496845804267197,0.0513955811351749,0.0522284066402003,0.0521459318094002,0.0511500771628477,0.0492846992792456,0.0466378000730649,0.0433352745457762,0.0395405215778339,0.0354391714376906,0.0312248136518533,0.0270802704326807,0.0231589421923132,0.0195714642308159,0.0163794032565785,0.0135986290346477,0.0112091361388853,0.00917047734180201,0.00743563779367356,0.00595788940079067,0.00470175486084861,0.00364025149611844,0.00275546587334722,0.00203299000023328,0.00145817598637748,0.00101544830552924,0.000685607043537047,0.000448860671623854,0.00028505512049847,0.000175855749762737,0.000105693092644638,6.20058923389887e-05,1.91919050736154e-05,1.20863479826387e-05,7.44613875857967e-06,4.48018335363236e-06,0,0,0,0,0,0,0,0,0,0
"Age_76",0.00105855649332352,0.00154550570741375,0.00219894943611681,0.0030491159363272,0.00411963127859658,0.00542882960684561,0.00698601181808658,0.0087941387556015,0.0108539148181284,0.0131607554722478,0.0157112705578373,0.0185004874169166,0.0215185134645274,0.0247437431303314,0.0281358986317195,0.0316311530716306,0.0351402085128491,0.0385488680736268,0.0417247439837957,0.0445267006525804,0.0468135512726898,0.0484581616199002,0.0493536853066785,0.0494366315574485,0.0486859984696584,0.0471282872609934,0.044847298898914,0.041967519360783,0.0386460375576077,0.0350515817435001,0.0313470896712128,0.0276746970364884,0.0241430711868973,0.0208256324226841,0.0177652786623428,0.014979017939281,0.0124694272564945,0.0102314235666126,0.00825797598774825,0.0065437163746545,0.00507891002374489,0.00385340094704397,0.00285324166045623,0.0020589645230986,0.00144691552117493,0.000989363069184966,0.000658089217747564,0.0004262092734069,0.000268933866350192,0.000165510943088281,9.95133756105738e-05,5.86162642066705e-05,1.72062594477296e-05,1.09825706452282e-05,6.85854494776858e-06,4.20396875330218e-06,0,0,0,0,0,0,0,0,0
"Age_77",0.00185409962127605,0.00258764487022661,0.00352020892210749,0.00466695778326936,0.00603807598009471,0.00763137911684776,0.00943695204328475,0.011439102909672,0.0136196093622538,0.0159642321161167,0.0184605574793535,0.0211049359233569,0.023889434844095,0.0268030839136211,0.0298176218448327,0.0328813090132808,0.0359138329856904,0.0388072053750256,0.0414278258051118,0.0436401939054623,0.0453032689692931,0.0463122359192651,0.0465899083666596,0.0461124329997312,0.0449066341226309,0.0430472655108388,0.040654131915334,0.0378659462479365,0.0348371211934004,0.0317087324421621,0.0286005218590152,0.0255991962837788,0.0227566232073229,0.0200937568459183,0.0176095064845579,0.0152908876003152,0.0131258247212416,0.0111068287783131,0.00923829546013863,0.00753128261538874,0.00600217803927872,0.00466594159732434,0.00353180644199421,0.00259901510597547,0.00185753243124566,0.00128867932234707,0.000867361649743754,0.000566532780062586,0.000359219941415047,0.000221361653295553,0.000132636442832869,7.75671665894223e-05,1.53570498709982e-05,9.93133304634922e-06,6.29958593254456e-06,3.91410082389733e-06,0,0,0,0,0,0,0,0,0
"Age_78",0.00167660474852542,0.00234085820803739,0.00318878470272576,0.0042425027085477,0.00551315912883033,0.00700736171913199,0.00872366724847853,0.0106569009205812,0.0127977607793914,0.0151392749007713,0.0176767159642688,0.020406540757819,0.0233226818869272,0.0264096085332635,0.0296342335337662,0.0329366098937084,0.0362254487712545,0.0393787502184646,0.0422495602309294,0.0446822093593944,0.0465224261939916,0.0476482373127249,0.0479754884758128,0.0474819082522753,0.0461922923955115,0.0442029666120536,0.0416446455133285,0.0386801908300711,0.0354733433511487,0.0321786772634931,0.0289184030944816,0.0257765370903778,0.0228019721346323,0.0200087471467869,0.0173953027869599,0.0149518394399737,0.0126743729206461,0.0105648004403303,0.00863606824808766,0.006905438908461,0.00539056638663366,0.00410088134584613,0.00303717840243722,0.00218909766358649,0.00153542654905122,0.00104887754129491,0.000698731535090332,0.000455068167829864,0.000290439050546949,0.00018243587924575,0.000113177737325179,4.11960467465961e-05,2.83517845819971e-05,1.91955358470485e-05,1.27675487786491e-05,8.3462503898004e-06,5.36994880267529e-06,0,0,0,0,0,0,0,0
"Age_79",0.00184673748628952,0.00258157059716054,0.00352338157181962,0.00469491115240347,0.00610940648561185,0.00777079118300354,0.00967330767162487,0.011802714013352,0.0141403601079272,0.0166661683907627,0.019362483558362,0.0222126645499498,0.0252010470813777,0.0283041009642212,0.0314848939144776,0.0346828218800887,0.037808140698003,0.04074177841493,0.0433397776105063,0.0454507039697677,0.0469250983442951,0.0476527735783588,0.0475657250731056,0.0466644993918905,0.0450047410439858,0.0427102441216797,0.0399356010054551,0.0368567025331313,0.0336369530218765,0.0304126598544248,0.027280689778973,0.0242937953433238,0.0214727334662404,0.0188147865634076,0.0163132535687962,0.0139605041273954,0.0117620317517903,0.00973136342087466,0.00789052689158546,0.0062585192288793,0.00485134075581559,0.00367204615637154,0.00271474677152592,0.00196094137301489,0.00138681322263904,0.000961469771904502,0.000655565533287787,0.000440860311485612,0.000293846964152464,0.000194713953146376,0.000128736937912386,6.46217967220913e-05,4.61340797046951e-05,3.2429995785064e-05,2.24487066654551e-05,1.52953664016156e-05,1.02536580824611e-05,6.77123427367082e-06,0,0,0,0,0,0,0
"Age_80",0.00239847973992375,0.00327329999910434,0.004362230900573,0.00568168611681261,0.0072406313153008,0.0090403246033584,0.0110751831387312,0.0133336382824435,0.0158006601003814,0.0184572362493223,0.0212807002234466,0.0242419326594575,0.0273021595519756,0.0304086715108162,0.0334924697205935,0.0364662698590722,0.039227593385498,0.04166237652528,0.043657342037039,0.0451054855130394,0.0459213251629511,0.0460540956380822,0.045484420744446,0.0442456220786611,0.0424012694854449,0.0400608491898948,0.0373489986512138,0.0344067475677856,0.0313673845829229,0.0283464839121333,0.0254303456786189,0.022675870816392,0.0201046464892465,0.0177200709431151,0.0155060553748591,0.0134461937497907,0.0115264318210945,0.00974122883040388,0.00809597933221088,0.00659952761779513,0.0052680225580039,0.00410908957733294,0.00312974149812967,0.00232519039030472,0.00168470679330249,0.0011907606359109,0.000820995708349265,0.000553491786697046,0.000364656853243362,0.000235767057203202,0.000149664788925385,9.36393368684888e-05,3.10583016602809e-05,2.12905986087913e-05,1.4341848767919e-05,9.49196061044501e-06,6.17120684955527e-06,0,0,0,0,0,0,0,0
"Age_81",0.00360888662919258,0.00462990768328277,0.00584742609670137,0.00727605683601877,0.00892586029719526,0.0108050308199177,0.0129098678341154,0.0152327999948573,0.0177573995138017,0.0204560541295093,0.0232887179688298,0.0262028977411037,0.0291333680170438,0.0320027748030431,0.03472354454917,0.0372054445701144,0.0393553883241608,0.0410899378996337,0.0423369500304467,0.0430476772918374,0.0431965403224322,0.0427799005909104,0.0418308622868816,0.0404034492533079,0.0385724220361824,0.0364215116630463,0.0340490201185456,0.0315461652017238,0.0289963338015557,0.0264696452976169,0.0240194396956717,0.0216810068693459,0.0194744475043398,0.0174057290020805,0.0154732046956754,0.0136686821250167,0.0119845646202959,0.0104143383344339,0.0089555495517307,0.00760800841583569,0.00637506423062087,0.0052621463270417,0.00427292499178445,0.00340913673843777,0.00266956266873324,0.00205099152142211,0.00154440832328011,0.00113923008998422,0.00082270568575074,0.000581701841542771,0.000402432928204904,0.000272350489421452,0.000180270993499466,0.000113469289300859,7.20707761804835e-05,4.47206881904003e-05,0,0,0,0,0,0,0,0,0
"Age_82",0.00512188687856743,0.00630394141916483,0.00767213204319488,0.00923686611533177,0.0110046262713711,0.0129766524145139,0.0151475463546927,0.0175044313976933,0.0200248163079877,0.0226759259547999,0.0254111235264003,0.0281686388948328,0.0308689869804405,0.0334171007196331,0.0357074175144041,0.0376362356265734,0.0391136215463951,0.0400774454604404,0.0405037533497066,0.0404076603099117,0.0398398103217242,0.0388712781603895,0.0375819051418769,0.0360494125273599,0.034340435888885,0.032508514406436,0.0305962352842564,0.0286377243023129,0.0266624157264708,0.0246956033876488,0.0227591119319533,0.0208712725010874,0.0190465713443548,0.0172956596245496,0.0156254476264042,0.0140397530796188,0.0125397116439241,0.0111251811772571,0.00979512098213035,0.00854925132282681,0.0073887515843769,0.00631604334001568,0.0053291620666078,0.00444482792536595,0.0036554372527605,0.00296237349696641,0.00236450931182977,0.0018582936987888,0.00143721500866165,0.00109348645034626,0.000818201441289849,0.000601958535049902,0.000435332501424826,0.00030941195559335,0.000216092336986798,0.000148272708723332,9.99901116196398e-05,6.62703330864625e-05,4.31444729841414e-05,0,0,0,0,0,0
"Age_83",0.00566171624704612,0.00697870851175816,0.00849817132846169,0.0102295015756238,0.0121777645527213,0.0143410113677917,0.0167096490319774,0.0192639485433416,0.0219714755217063,0.0247862997320781,0.0276485527274899,0.0304854467584053,0.0332145297097666,0.0357476221398497,0.0379971390480551,0.0398818306010393,0.0413326044957264,0.0422972826865404,0.0427441678184544,0.0426632477067964,0.0420665257033809,0.0409852435656995,0.0394674998932827,0.0375762296129675,0.0353829629902968,0.032964937019722,0.0304022096899506,0.0277733842578547,0.0251518014865917,0.0226019048751149,0.0201760977157446,0.0179132016318303,0.0158372018333558,0.0139581227465571,0.0122742908374213,0.0107742114898671,0.00943933807305921,0.00824942583478271,0.0071843154641718,0.00622636863708658,0.00536151424474986,0.00457968431248162,0.00386727284569275,0.0032372826152188,0.00267520835761851,0.002179943543233,0.00174991757082173,0.00138264694562469,0.00107469081442876,0.000821203013833742,0.000616602623407534,0.0004547554306719,0.000329352317225155,0.000234135671705401,0.000163354505835298,0.000111844330265762,7.51330236332414e-05,4.95143701848364e-05,0,0,0,0,0,0,0
"Age_84",0.00560274439677939,0.00688687358127718,0.00836227146509352,0.0100385381451541,0.0119234595881823,0.0140215851738522,0.0163332552064927,0.0188515381898749,0.0215581853148644,0.0244196228600277,0.0273831429841178,0.0303745126240559,0.0332994074195696,0.0360480040411879,0.0385032343197283,0.0405537286040458,0.0421041539357928,0.043087773577942,0.0434725873858671,0.0432622133019971,0.0424944091518812,0.0412303215444561,0.0395466133557689,0.0375257685471013,0.0352475751557661,0.0327861771308939,0.0302106416443997,0.0275857972180757,0.0249732253454903,0.0224306866366706,0.0200093038465394,0.0177500810284781,0.0156805523679147,0.0138133896093118,0.0121469567700054,0.0106686192676564,0.00935673652600575,0.00818858954131954,0.0071420966933312,0.0061987488231864,0.00533742406730237,0.00456659563314066,0.00386727284569275,0.0032372826152188,0.00267520835761851,0.002179943543233,0.00174991757082173,0.00138264694562469,0.00107469081442876,0.000821203013833741,0.000616602623407534,0.0004547554306719,0.000329352317225155,0.0002341356717054,0.000163354505835298,0.000111844330265762,7.51330236332413e-05,4.95143701848364e-05,0,0,0,0,0,0,0
"Age_85",0.00560274439677939,0.00688687358127718,0.00836227146509352,0.0100385381451541,0.0119234595881823,0.0140215851738522,0.0163332552064927,0.0188515381898749,0.0215581853148644,0.0244196228600277,0.0273831429841178,0.0303745126240559,0.0332994074195696,0.0360480040411879,0.0385032343197283,0.0405537286040458,0.0421041539357928,0.043087773577942,0.0434725873858671,0.0432622133019971,0.0424944091518812,0.0412303215444561,0.0395466133557689,0.0375257685471013,0.0352475751557661,0.0327861771308939,0.0302106416443997,0.0275857972180757,0.0249732253454903,0.0224306866366706,0.0200093038465394,0.0177500810284781,0.0156805523679147,0.0138133896093118,0.0121469567700054,0.0106686192676564,0.00935673652600575,0.00818858954131954,0.0071420966933312,0.0061987488231864,0.00533742406730237,0.00456659563314066,0.00386727284569275,0.0032372826152188,0.00267520835761851,0.002179943543233,0.00174991757082173,0.00138264694562469,0.00107469081442876,0.000821203013833741,0.000616602623407534,0.0004547554306719,0.000329352317225155,0.0002341356717054,0.000163354505835298,0.000111844330265762,7.51330236332413e-05,4.95143701848364e-05,0,0,0,0,0,0,0
